x,y1_true,y1_mean,y1_predvar,y1_confvar,y1_err,y2_true,y2_mean,y2_predvar,y2_confvar,y2_err,y3_true,y3_mean,y3_predvar,y3_confvar,y3_err
0.0,0.8,0.831591314135867,0.004237619770678868,0.00022979395514679686,0.03159131413586691,0.8,0.8326793746973316,0.009862851565353064,0.0005425039780125661,0.03267937469733151,-0.65,-0.5811963242221463,0.017337807007242502,0.0009400304472719515,0.06880367577785373
0.002506265664160401,0.8052252573643894,0.8352288645737792,0.004223604773558876,0.0002157789580268053,0.03000360720938977,0.7999380066679941,0.8300208776484848,0.009830105730193106,0.0005097581428526083,0.030082870980490672,-0.6412021243460432,-0.5760853765183434,0.01728064668621314,0.0008828701262425894,0.06511674782769983
0.005012531328320802,0.8104493433017279,0.838904341087259,0.004210565616464553,0.00020273980093248183,0.028454997785531067,0.7997520420446692,0.8273224420067098,0.0097996383300325,0.00047929074269200165,0.02757039996204058,-0.6324230578763005,-0.5709147511494347,0.017227461692614646,0.0008296851326440964,0.0615083067268658
0.007518796992481203,0.8156710866754473,0.8426171212982198,0.004198465531859908,0.00019063971632783642,0.026946034622772452,0.7994421522442918,0.8245837589510016,0.009771362275588074,0.0004510146882475756,0.02514160670670973,-0.6236690408444006,-0.5656871319876294,0.017178103000081178,0.0007803264401106279,0.057981908856771125
0.010025062656641603,0.8208893169298727,0.8463665847994576,0.004187268433335729,0.0001794426178036575,0.02547726786958493,0.7990084141112672,0.8218045172582052,0.00974519213737429,0.0004248445500337922,0.02279610314693803,-0.6149463011192626,-0.5604051990428631,0.017132424320732694,0.0007346477607621431,0.054541102076399506
0.012531328320802004,0.8261028643804889,0.8501519905719777,0.004176937341039232,0.00016911152550716052,0.0240491261914888,0.7984509352010837,0.8189841653931795,0.00972104063741507,0.0004006930500745716,0.020533230192095853,-0.606261048008099,-0.5550718564425481,0.01709027563080504,0.0006924990708344919,0.05118919156555091
0.015037593984962405,0.8313105605039912,0.8539720626206574,0.004167429487837297,0.00015960367230522497,0.022661502116666177,0.7977698537536417,0.8161211071305199,0.009698807746499265,0.00037846015915876836,0.01835125337687815,-0.597619466097825,-0.5496910028652235,0.017051483046369748,0.0006537064863991976,0.04792846323260147
0.017543859649122806,0.8365112382280484,0.8578253798003921,0.00415870205119679,0.00015087623566471911,0.02131414157234368,0.7969653386589748,0.8132134584678564,0.009678393459173406,0.00035804587183290874,0.016248119808881634,-0.5890277091209902,-0.5442668068785553,0.017015872384106342,0.0006180958241357921,0.0447609022424349
0.020050125313283207,0.8417037322207046,0.8617105227133307,0.004150714133871341,0.0001428883183392697,0.020006790492626103,0.796037589415368,0.8102593329156169,0.009659702204501576,0.0003393546171610778,0.014221743500248962,-0.5804918938523101,-0.538803433907469,0.01698327730537132,0.0005855007454007723,0.04168845994484116
0.022556390977443608,0.8468868791793512,0.8656260723082767,0.004143425599511335,0.0001355997839792628,0.01873919312892547,0.7949868360798892,0.8072568555050154,0.009642640251442902,0.00032229266410240323,0.012270019425126177,-0.5720180940418546,-0.5333051381441983,0.016953534527785637,0.000555757967815088,0.03871295589765622
0.02506265664160401,0.852059518119195,0.8695706047576528,0.0041367930054966,0.00012896718996452893,0.017511086638457796,0.7938133392113397,0.8042042161203182,0.009627106655407837,0.0003067590680673382,0.010390876908978552,-0.5636123343909086,-0.5277766112016711,0.016926467093799375,0.0005286905338288258,0.035835723189237556
0.02756892230576441,0.8572204906611507,0.8735426958461516,0.004130773920017233,0.000122948104485162,0.016322205185000938,0.7925173898056435,0.8010996222336563,0.009613002870542151,0.00029265528320165327,0.008582232428012815,-0.555280584576483,-0.5222226740923448,0.0169019021260686,0.0005041255660980495,0.0330579104841382
0.03007518796992481,0.8623686413190889,0.8775409228044309,0.004125328600186182,0.00011750278465411077,0.015172281485341998,0.7910993092236878,0.7979412786649431,0.00960023648144696,0.00027988889410646346,0.006841969441255369,-0.5470287533303977,-0.5166481456125619,0.016879677732216262,0.0004819011722457137,0.030380607717835795
0.03258145363408521,0.8675028177863652,0.8815638173468409,0.004120419084258645,0.00011259326872657384,0.014060999560475684,0.7895594491116336,0.7947275613973377,0.009588719181394697,0.00026837159405419895,0.0051681122857041295,-0.538862682578814,-0.5110579912403895,0.016859639271256138,0.00046186271128559,0.027804691338424448
0.03508771929824561,0.8726218712215619,0.8856096658092143,0.004116005694837163,0.0001081798793050917,0.012987794587652424,0.7878981913137177,0.791457758360858,0.009578358998784056,0.00025801141144355836,0.003559567047140222,-0.5307881416480261,-0.505457956903475,0.016841624962948724,0.00044384840297817215,0.025330184744551176
0.03759398496240601,0.8777246565333701,0.8896766748956026,0.004112050338499886,0.00010422452296781391,0.011952018362232586,0.7861159477775652,0.7881314545053458,0.00956906763406504,0.00024872004672454233,0.002015506727780614,-0.5228108215422602,-0.49985404342098627,0.016825479466480164,0.0004277029065096165,0.022956778121273946
0.040100250626566414,0.8828100326645408,0.8937630523683561,0.0041085179629761544,0.00010069214744408272,0.010953019703815237,0.7842131604520369,0.7847482322702475,0.009560763694572785,0.0002404161072322869,0.0005350718182105529,-0.5149363292991549,-0.4942522506636914,0.016811059880121344,0.0004132833201507955,0.02068407863546351
0.042606516290726815,0.8878768628748388,0.8978670797554021,0.004105375812983759,9.754999745168761e-05,0.00999021688056334,0.7821903011776385,0.7813078635814833,0.009553371038501608,0.0002330234511611107,-0.00088243759615525,-0.5071701824285226,-0.48865853754409827,0.01679823268034357,0.0004004561203730208,0.01851164488442436
0.045112781954887216,0.8929240150229213,0.9019874594457792,0.004102590309066959,9.476449353488748e-05,0.009063444422857891,0.7800478715695163,0.7778112267844193,0.009546811847301502,0.00022646425996100534,-0.0022366447850969973,-0.4995178034399088,-0.48307863055887296,0.01678686087265845,0.00038908431268789824,0.016439172881035857
0.047619047619047616,0.8979503618470808,0.9061230450189093,0.004100129638355677,9.230382282360499e-05,0.00817268317182851,0.7777864028930703,0.7742595947268843,0.009541012376184505,0.00022066478884400802,-0.003526808166186002,-0.49198451446437313,-0.4775181730486852,0.016776814659145694,0.0003790380991751454,0.014466341415687922
0.05012531328320802,0.9029547812447751,0.9102726910333571,0.004097965073516683,9.013925798461117e-05,0.007317909788581933,0.7754064559322146,0.7706542383216428,0.009535905876136102,0.0002155582887956032,-0.004752217610571763,-0.4845755319758316,-0.47198280847361884,0.016767976872131538,0.0003702003121609881,0.012592723502212744
0.05263157894736842,0.9079361565508788,0.9144351442030814,0.004096070339306238,8.824452377416632e-05,0.006498987652202581,0.7729086208503173,0.7669962855748148,0.00953143118532327,0.00021108359798277195,-0.0059123352755025005,-0.4772959616171911,-0.4664783081065673,0.016760240368601007,0.0003624638086304576,0.010817653510623804
0.05513784461152882,0.9128933768145865,0.9186084635695393,0.004094418728212233,8.659291268016178e-05,0.005715086754952803,0.7702935170438567,0.7632859710740504,0.009527526336922835,0.00020717874958233566,-0.00700754596980635,-0.4701507931364108,-0.46101125090347783,0.016753496152764422,0.00035571959279387345,0.009139542232932951
0.05764411027568922,0.9178253370748995,0.9227904398146963,0.0040929852061416154,8.515939060954401e-05,0.004965102739796778,0.767561792988827,0.7595231790583856,0.009524133223422682,0.00020378563608218324,-0.008038613930441363,-0.4631448954375106,-0.45558853227897955,0.0167476420505413,0.0003498654905707506,0.007556363158531032
0.06015037593984962,0.9227309386346257,0.9269788634426931,0.004091747667067019,8.392185153494795e-05,0.004247924808067349,0.7647141260799328,0.755707790827091,0.009521200370395135,0.00020085278305463714,-0.00900633525284178,-0.45628301175143804,-0.45021705001774115,0.01674258788051155,0.0003448113205409974,0.00606596173369689
0.06265664160401002,0.9276090893328279,0.9311716036961047,0.004090686382151163,8.286056661909138e-05,0.003562514363276814,0.7617512224626153,0.751839670237793,0.009518681712073053,0.00019833412473255495,-0.009911552224822318,-0.4495697549315803,-0.44490358388202234,0.01673825318796436,0.0003404766279938112,0.004666171049557966
0.06516290726817042,0.9324587038156504,0.9353670768906469,0.0040897812600270075,8.195544449493597e-05,0.002908373074996473,0.7586738168579445,0.7479185720507722,0.009516530527494287,0.00019618294015378847,-0.010755244807172382,-0.4430096028785899,-0.43965407881345336,0.01673455596101813,0.000336779401047584,0.0033555240651365614
0.06766917293233082,0.937278703805458,0.9395639323471663,0.004089013618933715,8.118780340164371e-05,0.0022852285417083174,0.7554826723804302,0.7439442034292592,0.009514703358076661,0.0001943557707361632,-0.011538468951171055,-0.4366068940990596,-0.4344741259574254,0.016731419933716296,0.0003336433737457454,0.0021327681416342115
0.07017543859649122,0.9420680183682194,0.9437608203012687,0.004088367437060117,8.05416215280454e-05,0.001692801933049326,0.7521785803487888,0.7399162693891645,0.009513162767059284,0.00019281517971878702,-0.012262310959624267,-0.4303658234024546,-0.42936931818206947,0.016728779740476953,0.0003310031805064028,0.0009965052203851354
0.07268170426065163,0.9468255841790711,0.947956374439995,0.004087828870189994,8.000305465792181e-05,0.0011307902609238862,0.7487623600897171,0.7358343544698192,0.009511876267503978,0.00019152868016348115,-0.012928005619897931,-0.42429043774056574,-0.42434523522192125,0.016726578932009916,0.000328802372039365,-5.479748135550633e-05
0.07518796992481203,0.9515503457859934,0.952149101317942,0.004087383600611908,7.955778507983648e-05,0.0005987555319485471,0.7452348587347223,0.731697130370031,0.009510810460096199,0.0001904628727557014,-0.013537728364691248,-0.41838463219361516,-0.4194073337965021,0.016724759055237383,0.00032698249526683386,-0.0010227016028869218
0.07769423558897243,0.956241255871534,0.9563374484156882,0.00408701837069421,7.9192555162139e-05,9.619254415427214e-05,0.7415969510100549,0.7275028445019798,0.009509934417619378,0.00018958683027887993,-0.014094106508075077,-0.41265214610699097,-0.4145610158369074,0.01672326597472111,0.000325489414750561,-0.0019088697299164403
0.08020050125313283,0.9608972755125147,0.9605198626372975,0.004086722273476025,7.889645794395375e-05,-0.0003774128752171979,0.7378495390198003,0.7232497399950862,0.009509222529881862,0.00018887494254136352,-0.014599799024714089,-0.4070965593824458,-0.4098116871737758,0.016722055193439826,0.00032427863346927476,-0.0027151277913299854
0.08270676691729323,0.9655173744376578,0.9646947853669571,0.004086486331971192,7.866051643912106e-05,-0.0008225890707007633,0.7339935520221815,0.7189360171985334,0.009508653568607474,0.0001883059812669759,-0.015057534823648133,-0.4017212889274363,-0.40516471358041184,0.01672109012234221,0.00032331356237166013,-0.0034434246529755352
0.08521303258145363,0.9701005312830644,0.9688606135796375,0.004086300906768213,7.847509123614177e-05,-0.001239917703426907,0.7300299461991269,0.7145595283382573,0.009508204958519981,0.00018785737117948264,-0.015470417860869556,-0.3965295852661257,-0.40062508743777175,0.016720331401283896,0.000322554841313346,-0.004095502171646059
0.08771929824561403,0.9746457338454861,0.9730157215617674,0.004086157045057011,7.833122952493993e-05,-0.0016300122837187292,0.7259597044191635,0.7101179490269236,0.009507855750912533,0.0001875081635720331,-0.015841755392239865,-0.39152452931541015,-0.3961976154531513,0.01671974246037692,0.0003219659004063679,-0.004673086137741145
0.09022556390977443,0.9791519793333247,0.9771584828368292,0.004086047841434634,7.82220259025629e-05,-0.001993496496495495,0.7217838359936913,0.705608951388043,0.009507589621562583,0.00018724203422208527,-0.01617488460564831,-0.38670902932916773,-0.3918871081393748,0.016719295130045976,0.0003215185700754272,-0.005178078810207043
0.09273182957393483,0.983618274615297,0.9812872538147013,0.004085968075109807,7.814225957773595e-05,-0.0023310208005957733,0.7175033764267011,0.7010303518084138,0.009507394064084154,0.00018704647674365444,-0.01647302461828737,-0.38208581801375957,-0.3876984590280439,0.016718968148747824,0.00032119158877727533,-0.005612641014284325
0.09523809523809523,0.9880436364667057,0.9854002357195067,0.004085911663631293,7.80858480992221e-05,-0.002643400747198932,0.7131193871579975,0.6963813407901976,0.009507254765011085,0.0001869071776705862,-0.016738046367799853,-0.3776574498176444,-0.38363729576980177,0.016718736673460213,0.0003209601134896643,-0.005979845952157392
0.09774436090225563,0.9924270918132521,0.989495544304575,0.004085872853856297,7.804703832422599e-05,-0.0029315475086770793,0.708632955299989,0.6916618607104579,0.009507158227000349,0.00018681063965985084,-0.016971094589531166,-0.37342629839779595,-0.37970965114846733,0.01671857718956345,0.00032080062959290173,-0.006283352750671378
0.10025062656641603,0.9967676779723336,0.9935712934929677,0.004085847670585765,7.802185505369288e-05,-0.003196384479365877,0.7040451933681147,0.6868718594539148,0.009507094959772847,0.00018674737243234868,-0.01717333391419984,-0.36939455426543377,-0.3759215684218259,0.016718473482484536,0.000320696922513987,-0.006527014156392119
0.10275689223057644,1.0010644428917619,0.9976256240360639,0.004085833608861705,7.800779332963273e-05,-0.003438818855697967,0.6993572390049689,0.6820113069932288,0.009507058795719005,0.00018671120837850607,-0.017345932011740173,-0.3655642226134048,-0.3722791109180114,0.01671841537199237,0.000320638812021822,-0.006714888304606592
0.10526315789473684,1.0053164453858479,1.0016569665447022,0.004085827131819557,7.800131628748568e-05,-0.0036594788411457024,0.6945702546981968,0.67708042429999,0.00950704136363511,0.0001866937762946125,-0.01748983039820673,-0.36193712132736944,-0.3687884882999958,0.016718388404083927,0.00032061184411337853,-0.006851366972626338
0.10776942355889724,1.0095227553687898,1.005663923479678,0.004085824713099223,7.799889756715166e-05,-0.0038588318891117357,0.6896854274922279,0.6720795808326571,0.009507034383843298,0.00018668679650280038,-0.01760584665957088,-0.3585148791827643,-0.36545600047709914,0.016718378148324085,0.00032060158835353424,-0.006941121294334829
0.11027568922305764,1.0136824540853098,1.0096450982741154,0.004085824381396393,7.799856586432131e-05,-0.004037355811194354,0.6847039686939216,0.6670091460395596,0.009507033070877788,0.00018668548353728984,-0.017694822654361952,-0.35529893422933123,-0.36228795621725896,0.016718376564273024,0.00032060000430247373,-0.006989021987927724
0.11278195488721804,1.0177946343384818,1.0135991066690933,0.004085825465048037,7.79996495159657e-05,-0.004195527669388577,0.6796271135721943,0.6618694409075969,0.009507035565182696,0.00018668797784219727,-0.01775767266459738,-0.3522905323648137,-0.3592905669955234,0.01671838095079661,0.00032060439082605717,-0.007000034630709695
0.11528822055137844,1.0218584007146898,1.01752472222719,0.004085826137620224,7.800032208815236e-05,-0.004333678487499881,0.6744561210517066,0.6566602437227131,0.009507037513038314,0.00018668992569781582,-0.01779587732899346,-0.3494907260992359,-0.35646882735638763,0.016718383834241502,0.0003206072742709505,-0.006978101257151703
0.11779448621553884,1.0258728698056692,1.0214208197446848,0.004085824311897578,7.799849636550677e-05,-0.004452050060984369,0.6691922734006828,0.6513809820052618,0.009507034034636149,0.0001866864472956502,-0.017811291395420925,-0.3469003735109896,-0.35382695000826586,0.016718376653735906,0.0003206000937653576,-0.006926576497276238
0.12030075187969924,1.0298371704275664,1.0252862741362663,0.004085819281709794,7.79934661777221e-05,-0.004550896291300122,0.6638368759129432,0.6460310756221945,0.009507023342032352,0.000186675754691854,-0.01780580029074863,-0.3445201373957649,-0.3513691434526802,0.016718356527995422,0.0003205799680248714,-0.006849006056915297
0.12280701754385964,1.0337504438369707,1.0291199338088612,0.0040858115157565815,7.798570022451015e-05,-0.004630510028109436,0.6583912565842256,0.6406100068820255,0.0095070062802662,0.00018665869292570198,-0.017781249702200075,-0.34235048460916795,-0.3490996144922947,0.016718325407125464,0.00032054884715491553,-0.006749129883126759
0.12531328320802004,1.0376118439438584,1.0329203222920598,0.004085800256888218,7.797444135614641e-05,-0.004691521651798647,0.6528567657828783,0.6351180919870951,0.00950698102648655,0.000186633439146053,-0.0177386737957832,-0.3403916856036794,-0.34702243768191127,0.016718280181575715,0.00032050362160516467,-0.006630752078231883
0.12781954887218044,1.0414205375214025,1.036685735324955,0.0040857842635118645,7.795844797979259e-05,-0.004734802196447507,0.6472347759150043,0.6295562298037409,0.00950694472212921,0.00018659713478871292,-0.017678546111263405,-0.33864381416041034,-0.34514159815622214,0.016718215738295877,0.00032043917832532684,-0.006497783995811801
0.13032581453634084,1.045175704412588,1.0404144621229219,0.004085763545768917,7.793773023684503e-05,-0.004761242289666123,0.6415266810841411,0.6239253294890376,0.009506897299922025,0.00018654971258152747,-0.017601351595103565,-0.3371067473159244,-0.34346108890515314,0.016718132115962205,0.0003203555559916563,-0.0063543415892287625
0.13283208020050125,1.0488765377335916,1.0441047986123448,0.004085739205416197,7.791338988412515e-05,-0.004771739121246732,0.6357338967455606,0.6182262812643515,0.009506841127396264,0.00018649354005576574,-0.01750761548120905,-0.3357801654841963,-0.3419847487783048,0.01671803384618423,0.00032025728621368123,-0.006204583294108501
0.13533834586466165,1.0525222440738653,1.0477551655868962,0.004085711095127553,7.788527959548146e-05,-0.004767078486969112,0.6298578593552736,0.6124597209651435,0.00950677583923272,0.0001864282518922223,-0.017398138390130158,-0.334663552773588,-0.3407140271539837,0.016717920309290323,0.00032014374931977377,-0.006050474380395687
0.13784461152882205,1.0561120436928826,1.0513640778558289,0.004085678401954629,7.785258642255768e-05,-0.004747965837053725,0.6239000260138277,0.6066260913622858,0.009506699621781906,0.0001863520344414075,-0.01727393465154181,-0.3337561974985259,-0.3396485657047037,0.016717788139298983,0.00032001157932843487,-0.005892368206177778
0.14035087719298245,1.0596451707134928,1.0549300503815018,0.004085641472568688,7.781565703661733e-05,-0.004715120331991063,0.617861874104984,0.600725828971701,0.00950661323743802,0.0001862656500975219,-0.01713604513328304,-0.3330571928853736,-0.33878797141600264,0.01671763874591211,0.0003198621859415631,-0.005730778530629033
0.14285714285714285,1.0631208733118374,1.0584515844477012,0.004085601696083189,7.777588055111731e-05,-0.004669288864136201,0.6117449009293667,0.5947593659343526,0.009506519763638246,0.0001861721762977483,-0.016985534995014095,-0.3325654379717985,-0.3381317568297397,0.016717477832370094,0.0003197012723995451,-0.005566318857941233
0.14536340852130325,1.066538413903784,1.0619269914149156,0.004085559229092736,7.773341356066433e-05,-0.004611422488868255,0.6055506233331717,0.5887270852174005,0.009506419571137221,0.00018607198379672432,-0.016823538115771197,-0.33227963869874183,-0.3376777148321306,0.0167173060215722,0.00031952946160164903,-0.005398076133388774
0.14786967418546365,1.0698970693278251,1.065354426308378,0.004085513416275653,7.768760074358121e-05,-0.004542643019447068,0.5992805773320289,0.5826293291851548,0.00950631124999245,0.0001859636626519527,-0.01665124814687413,-0.3321983091939068,-0.33742222924353554,0.016717120589716115,0.0003193440297455648,-0.005223920049628739
0.15037593984962405,1.0731961310244058,1.0687320370218214,0.0040854646984136095,7.763888288153783e-05,-0.004464094002584407,0.5929363177301123,0.5764664375721205,0.009506195817235998,0.00018584822989549843,-0.01646988015799189,-0.3323197732454951,-0.33736165201526547,0.016716923329285427,0.00031914676931487756,-0.005041878769770358
0.15288220551378445,1.0764349052116249,1.072057987001446,0.004085414535336859,7.758871980478792e-05,-0.004376918210178937,0.5865194177345894,0.5702387790440291,0.009506076545060452,0.00018572895771995499,-0.01628063869056029,-0.3326421659647259,-0.33749237570012525,0.016716720232000035,0.0003189436720294839,-0.004850209735399347
0.15538847117794485,1.0796127130572761,1.0753307787709043,0.004085363201408976,7.753738587690488e-05,-0.004281934286371802,0.5800314685655071,0.563947290902984,0.009505954095518356,0.00018560650817785914,-0.016084177662523125,-0.3331634356354928,-0.3378113783967338,0.016716512404702927,0.0003187358447323771,-0.004647942761241031
0.15789473684210525,1.0827288908471797,1.078549215602894,0.004085310039565861,7.748422403378975e-05,-0.004179675244285752,0.5734740790612134,0.5575934153222956,0.009505827079679709,0.00018547949233920955,-0.015880663738917833,-0.33388134574932093,-0.33831615916868063,0.016716297116430242,0.00031852055645969455,-0.0044348134193596955
0.16040100250626566,1.0857827901497656,1.0817121083939818,0.004085255445669433,7.742963013736112e-05,-0.004070681755783845,0.5668488752794067,0.5511786106514613,0.009505696434116787,0.00018534884677628893,-0.015670264627945407,-0.33479347722360686,-0.3390042442721941,0.016716075975990025,0.00031829941601947687,-0.0042107670485872495
0.16290726817042606,1.0887737779768687,1.0848182661910175,0.004085200829211483,7.737501367941117e-05,-0.003955511785851185,0.5601575000939176,0.5447043322365527,0.009505565332938143,0.0001852177455976462,-0.015453167857364947,-0.3358972308009419,-0.33987315327129236,0.016715854770326537,0.0003180782103559853,-0.003975922470350446
0.16541353383458646,1.0917012369406902,1.0878665195330515,0.0040851464829374734,7.732066740540243e-05,-0.0038347174076387436,0.55340161278732,0.5381719992301005,0.009505434487103658,0.00018508689976315932,-0.015229613557219523,-0.33718982962713884,-0.3409200720432919,0.01671563468543785,0.00031785812546729846,-0.003730242416153051
0.16791979949874686,1.0945645654068958,1.0908557194359747,0.004085091668018796,7.726585248672487e-05,-0.0037088459709211374,0.5465828886394729,0.531582995985014,0.009505302331587516,0.00018495474424701846,-0.01499989265445889,-0.3386683220054034,-0.34214186593072726,0.01671541265741465,0.0003176360974441001,-0.003473543925323841
0.17042606516290726,1.0973631776438044,1.0937847146844153,0.004085036668579356,7.721085304728498e-05,-0.003578462959389128,0.5397030185120961,0.5249387042497051,0.009505169556758432,0.00018482196941793365,-0.014764314262390998,-0.3403295843239218,-0.3435353958340309,0.01671518983933068,0.0003174132793601315,-0.0032058115101091245
0.17293233082706766,1.100096503967633,1.0966523496895997,0.004084982788339653,7.715697280758156e-05,-0.00344415427803324,0.5327637084294816,0.5182405311053135,0.009505039100133457,0.00018469151279295815,-0.01452317732416808,-0.34217032415395765,-0.3450975246544535,0.016714971587601695,0.00031719502763114606,-0.00292720050049583
0.17543859649122806,1.1027639908837639,1.0994574377440673,0.004084930297219267,7.710448168719549e-05,-0.003306553139696522,0.5257666791554447,0.5114905386830445,0.009504911616541356,0.00018456402920085868,-0.014276140472400223,-0.3441870835153883,-0.3468249574209315,0.01671475899968063,0.00031698243971007987,-0.0026378739055432088
0.17794486215538846,1.1053651012239967,1.1021987598360206,0.004084878346666492,7.705253113442029e-05,-0.0031663413879761126,0.5187136657666207,0.5046914706897778,0.009504785291067606,0.00018443770372710772,-0.01402219507684288,-0.34637624230643876,-0.34871423442340765,0.016714548565068717,0.00031677200509816575,-0.00233799211696889
0.18045112781954886,1.1078993142797517,1.104875092162392,0.004084827088616353,7.700127308428154e-05,-0.003024222117359754,0.5116064172222126,0.4978461016610436,0.009504660512386947,0.00018431292504644917,-0.013760315561168968,-0.34873402189421476,-0.3507618961439236,0.016714340897940237,0.0003165643379696883,-0.0020278742497088498
0.18295739348370926,1.1103661259311906,1.1074851957938334,0.00408477770684183,7.695189130975903e-05,-0.0028809301373571294,0.5044466959302945,0.4909571848919736,0.009504539941377873,0.00018419235403737574,-0.013489511038320856,-0.35125648886247035,-0.35296451535467666,0.016714140866455538,0.00031636430648498986,-0.0017080264922063049
0.18546365914786966,1.1127650487722265,1.1100274940027894,0.004084730442714338,7.690462718226644e-05,-0.002737554769437045,0.4972362773107831,0.48402688806831523,0.009504424156857951,0.00018407656951745425,-0.013209389242467895,-0.3539395589128953,-0.35531936833624556,0.016713949456306824,0.0003161728963362772,-0.0013798094233502534
0.18796992481203006,1.1150956122313858,1.1125000300756804,0.004084684340880885,7.685852534881416e-05,-0.0025955821557053227,0.48997694935518,0.4770567196734676,0.009504311094694318,0.00018396350735381989,-0.012920229681712414,-0.35677900091605286,-0.3578245223754354,0.016713762722472852,0.00031598616250230337,-0.0010455214593825257
0.19047619047619047,1.1173573626884994,1.114900823458946,0.004084639427272859,7.681361174078707e-05,-0.002456539229553467,0.48267051218319756,0.47004815237554165,0.009504200850991008,0.00018385326365050943,-0.012622359807655914,-0.35977044110794754,-0.3604780942849084,0.016713580765458792,0.00031580420548824305,-0.0007076531769608652
0.19298245614035087,1.1195498635871866,1.1172279049848262,0.004084596774500808,7.677095896873646e-05,-0.0023219586023603966,0.4753187775963772,0.4630026656552945,0.009504095825975948,0.00018374823863545075,-0.012316111941082675,-0.3629093674280647,-0.36327817358294223,0.016713408000864738,0.0003156314408941888,-0.0003688061548775545
0.19548872180451127,1.1216726955431104,1.119479817708051,0.004084556608481372,7.67307929493003e-05,-0.0021928778350595035,0.46792356862881135,0.45592199048118276,0.009503996548949348,0.00018364896160884988,-0.012001578147628589,-0.36619113399457415,-0.3662216746248097,0.01671324535591361,0.0003154687959430614,-3.0540630235553756e-05
0.19799498746867167,1.1237254564479737,1.1216557298278378,0.004084517885638178,7.669207010610724e-05,-0.0020697266201359366,0.4604867190950789,0.44880816454459005,0.00950390074613881,0.0001835531587983106,-0.011678554550488829,-0.3696109657122652,-0.3693040775421311,0.01671308852678031,0.0003153119668097591,0.00030688817013407865
0.20050125313283207,1.1257077615692304,1.1237548435781646,0.0040844805247809216,7.665470924885052e-05,-0.0019529179910657835,0.4530100731355088,0.441663243683928,0.009503808262161998,0.0001834606748214985,-0.011346829451580775,-0.3731639630086369,-0.37252078229254904,0.016712937177121044,0.00031516061715049356,0.0006431807160878766
0.20300751879699247,1.12761924364549,1.125776363655226,0.004084445506409423,7.661969087735159e-05,-0.0018428799902638904,0.4454954847588823,0.43448928343820725,0.00950372127878392,0.00018337369144342164,-0.011006201320675035,-0.37684510669345034,-0.3758671880915565,0.016712795347373164,0.00031501878740261655,0.0009779186018938346
0.20551378446115287,1.1294595529775884,1.1277197567751855,0.004084413061580851,7.65872460487792e-05,-0.0017397962024028324,0.4379448173826876,0.427288343746406,0.009503640321948496,0.00018329273460799698,-0.010656473636281583,-0.3806492629369216,-0.3793383900111009,0.016712663990000206,0.00031488743002965573,0.0013108729258206608
0.20802005012531327,1.131228357515303,1.1295848368112158,0.0040843820826502834,7.655626711821239e-05,-0.0016435207040872424,0.430359943371043,0.4200624905255647,0.009503562962837843,0.00018321537549734418,-0.010297452845478283,-0.38457118836161663,-0.38292907927315645,0.01671253854071011,0.00031476198073956035,0.0016421090884601863
0.21052631578947367,1.1329253429396937,1.1313714374586041,0.004084352403850536,7.652658831846411e-05,-0.0015539054810895792,0.4227427435703996,0.41281378986958295,0.009503488846111912,0.000183141258771415,-0.009928953700816645,-0.38860553524300084,-0.38663392524414125,0.016712418317937773,0.0003146417579672228,0.0019716099988595914
0.21303258145363407,1.1345502127410452,1.1330793816513185,0.004084324934839669,7.649911930759717e-05,-0.0014708310897266763,0.41509510684314244,0.40554429862759134,0.009503419984207787,0.00018307239686728895,-0.009550808215551099,-0.3927468568134816,-0.3904475852363939,0.016712307073302127,0.00031453051333157694,0.0022992715770877026
0.21553884711779447,1.1361026882923921,1.1347081702358577,0.004084299932923275,7.647411739120324e-05,-0.001394518056534455,0.407418929599202,0.3982556327581535,0.009503356948732822,0.00018300936139232425,-0.009163296841048496,-0.3969896126646866,-0.3943638441571302,0.01671220587021336,0.0003144293102428124,0.0026257685075563586
0.21804511278195488,1.1375825089186133,1.136256845290184,0.0040842762501085055,7.645043457643398e-05,-0.001325663628429341,0.3997161153257962,0.3909487778604876,0.009503297210863772,0.00018294962352327429,-0.008767337465308611,-0.4013281742426159,-0.3983752366493688,0.016712109980407522,0.0003143334204369723,0.002952937593247107
0.22055137844611528,1.1389894319610705,1.137724409607363,0.004084253657020827,7.642784148875526e-05,-0.0012650223537074012,0.39198857411541543,0.3836246709320059,0.009503240264519432,0.0001828926771789337,-0.008363903183409516,-0.4057568304302223,-0.4024742057622965,0.016712018462263428,0.00031424190229287577,0.0032826246679258375
0.22305764411027568,1.1403232328377821,1.1391098617581767,0.0040842330114546415,7.640719592257022e-05,-0.0012133710796053965,0.3842382221921711,0.37628425368853186,0.009503187997806027,0.00018284041046552746,-0.00795396850363922,-0.4102697932118779,-0.4066532133493632,0.01671193485554269,0.0003141582955721401,0.0036165798625146794
0.22556390977443608,1.141583705099113,1.1404122057537196,0.004084214614823961,7.638879929188963e-05,-0.0011714993453935119,0.37646698143662305,0.36892875955699583,0.009503141070551677,0.00018279348321117747,-0.007538221879627216,-0.4148612034141125,-0.41090557977149317,0.016711860407035005,0.00031408384706445574,0.00395562364261931
0.22807017543859648,1.1427706604789702,1.1416304564261517,0.004084197299014855,7.637148348278316e-05,-0.0011402040528185609,0.36867677890920414,0.3615598742102478,0.009503096901732441,0.00018274931439194218,-0.007116904698956317,-0.4195251365169287,-0.41522595343537805,0.016711790306756916,0.00031401374678636677,0.004299183081550639
0.23057644110275688,1.1438839289414846,1.1427636253755795,0.004084180787927946,7.635497239587439e-05,-0.0011203035659050897,0.36086954637236124,0.3541793221201776,0.009503054875019502,0.00018270728767900431,-0.00669022425218363,-0.4242556085299287,-0.4196091001906478,0.016711723421529535,0.00031394686155898714,0.00464650833928093
0.23308270676691728,1.1449233587231784,1.1438107235574173,0.0040841659021549235,7.634008662285212e-05,-0.0011126351657611,0.35304721981152903,0.34678883167884733,0.00950301678981062,0.00018266920247011969,-0.006258388132681703,-0.42904658192742706,-0.4240497849459668,0.01671166313864589,0.0003138865786753442,0.004996796981460272
0.23558897243107768,1.145888816370597,1.1447710561574422,0.004084153000288339,7.632718475626757e-05,-0.0011177602131546838,0.34521173895505786,0.33939043319110107,0.009502983426148623,0.000182635838808124,-0.0058213057639567856,-0.43389197163665993,-0.4285424582417625,0.016711610941190978,0.0003138343812204305,0.0053495133948974205
0.23809523809523808,1.1467801867734018,1.1456444261782948,0.004084140909751439,7.631509421936797e-05,-0.0011357605951070049,0.33736504679321216,0.3319866646369817,0.009502952188394807,0.00018260460105430843,-0.005378382156230488,-0.4387856510731551,-0.43308103975756207,0.016711562001126543,0.00031378544115599256,0.005704611315593022
0.24060150375939848,1.147597373192915,1.1464306800777881,0.004084129319782772,7.630350425070031e-05,-0.001166693115126849,0.3295090890963614,0.324580112727461,0.009502922379595569,0.00018257479225507,-0.004928976368900384,-0.4437214582172721,-0.4376594004425041,0.016711515042614852,0.0003137384826443022,0.006062057774767982
0.24310776942355888,1.1483402972861083,1.1471296642945783,0.0040841190236908615,7.629320815878964e-05,-0.001210632991530014,0.3216458139324806,0.31717336587063927,0.009502895735256426,0.00018254814791592776,-0.004472448061841328,-0.44869320172589,-0.44227141370543344,0.016711473340587393,0.00031369678061684463,0.006421788020456565
0.24561403508771928,1.1490088991250291,1.1477416791313564,0.004084110445370889,7.628462983881744e-05,-0.0012672199936727413,0.313777171184081,0.3097691643618511,0.009502873176316373,0.00018252558897587453,-0.004008006822229904,-0.453694667073179,-0.44691098962571685,0.01671143864722312,0.0003136620872525705,0.006783677447462166
0.24812030075187969,1.1496031372116624,1.148267857158847,0.004084102418991979,7.627660345990806e-05,-0.0013352800528154685,0.3059051120646923,0.3023705256088451,0.009502852119815806,0.00018250453247530799,-0.0035345864558471995,-0.4587196227143639,-0.45157210342664134,0.01671140616202355,0.00031362960205299866,0.007147519287722559
0.2506265664160401,1.1501229884882191,1.1487094153671977,0.004084094606693788,7.626879116171661e-05,-0.0014135731210214164,0.29803158863501245,0.29498049685562816,0.009502831807323168,0.00018248421998266938,-0.003051091779384285,-0.46376182626636936,-0.456248738307149,0.016711374497104234,0.0003135979371336859,0.007513087959220344
0.2531328320802005,1.150568448342856,1.1490675667257886,0.00408408778015765,7.626196462557879e-05,-0.0015008816170674066,0.29015855331884977,0.28760212128720036,0.009502813925294366,0.00018246633795386723,-0.0025564320316494027,-0.46881503069921343,-0.4609348732683455,0.016711346837845063,0.0003135702778745145,0.007880157430867951
0.2556390977443609,1.1509395306108179,1.1493435942292765,0.004084082432364736,7.62566168326641e-05,-0.0015959363815414296,0.2822879584189731,0.2802378516849977,0.00950279954606284,0.00018245195872234135,-0.0020501067339753765,-0.4738729905320114,-0.4656238208666058,0.016711325220670092,0.00031354866069954355,0.008249169665405565
0.2581453634085213,1.151236267571007,1.1495389242538216,0.004084077411727646,7.625159619557496e-05,-0.0016973433171854069,0.2744217556329935,0.27288896954711006,0.009502786117828906,0.00018243853048840816,-0.0015327860858834197,-0.4789294680274414,-0.47030757112507227,0.01671130490316579,0.0003135283431952386,0.008621896902369142
0.2606516290726817,1.1514587099379796,1.1496549962043945,0.004084072357178799,7.624654164672709e-05,-0.0018037137335851217,0.26656189556939447,0.2655566189066248,0.009502772831095805,0.00018242524375530688,-0.0010052766627696719,-0.4839782393785321,-0.4749779580613073,0.016711284401120977,0.000313507841150425,0.0090002813172248
0.2631578947368421,1.1516069268493694,1.1496932446201782,0.004084068021067616,7.62422055355444e-05,-0.0019136822291911937,0.25871032726383386,0.2582419431129639,0.00950276133003242,0.00018241374269192177,-0.00046838415086997154,-0.4890131008816316,-0.4796268168744825,0.01671126681953694,0.00031349025956639185,0.009386284007149082
0.2656641604010025,1.1516810058487428,1.1496549997121857,0.0040840649658239435,7.623915029187164e-05,-0.0020260061365571236,0.25086899769583476,0.250945850792478,0.009502752840686496,0.0001824052533459972,7.685309664323681e-05,-0.49402787508943796,-0.4842463036375292,0.016711254480359514,0.0003134779203889616,0.009781571451908777
0.2681704260651629,1.1516810528638914,1.1495413716554705,0.0040840620588558,7.623624332372875e-05,-0.002139681208420896,0.24303985130598607,0.24366874361770963,0.00950274485420623,0.00018239726686573304,0.0006288923117235556,-0.4990164169379891,-0.4888292672346935,0.016711242718675887,0.000313466158705339,0.010187149703295595
0.2706766917293233,1.1516071921805644,1.149353438417569,0.004084058917096715,7.623310156464367e-05,-0.002253753762995414,0.23522482951377388,0.23641095776989307,0.009502736513892279,0.00018238892655178125,0.00118612825611919,-0.5039726198415315,-0.4933686450587234,0.01671122995879523,0.00031345339882467765,0.010603974782808112
0.2731829573934837,1.1514595664116485,1.1490922730079456,0.004084056273491232,7.62304579591611e-05,-0.002367293403702897,0.22742587023616034,0.22917282880861367,0.009502729422556233,0.00018238183521573505,0.0017469585724533276,-0.5088904217492275,-0.49785737216639764,0.016711219224938692,0.0003134426649681439,0.011033049582829857
0.2756892230576441,1.1512383364618048,1.1487587027414934,0.0040840547578297245,7.622894229765291e-05,-0.0024796337203114582,0.21964490740703285,0.221954385206656,0.009502724956281378,0.00018237736894087972,0.0023094777996231497,-0.5137638111576888,-0.5022883476038219,0.016711213115896694,0.00031343655592614523,0.01147546355386686
0.2781954887218045,1.150943681487567,1.148352983424448,0.004084053259467105,7.622744393503291e-05,-0.002590698063119179,0.21188387049763918,0.2147549336176488,0.009502720656426364,0.0001823730690858663,0.0028710631200096204,-0.5185868330733782,-0.5066543889655575,0.01671120705640227,0.00031343049643172045,0.011932444107820683
0.2807017543859649,1.1505757988529184,1.1478752855265622,0.004084051372797034,7.6225557264962e-05,-0.0027005133263562353,0.2041446840381309,0.2075736774836215,0.009502715618553531,0.00018236803121303484,0.00342899344549058,-0.5233535949189607,-0.5109482991998187,0.016711199377051796,0.00031342281708124587,0.012405295719142062
0.2832080200501253,1.1501349040803468,1.1473257750747194,0.004084049809827237,7.622399429516492e-05,-0.0028091290056273532,0.19642926714033032,0.20040982058887907,0.009502711401305677,0.00018236381396517817,0.0039805534485487515,-0.52805827237775,-0.5151628781127019,0.016711193014988104,0.00031341645501755685,0.012895394265048155
0.2857142857142857,1.1496212307974043,1.1467043993380772,0.004084049264021122,7.622344848905026e-05,-0.002916831459327085,0.18873953302184282,0.19326259914698563,0.009502709523124708,0.0001823619357842087,0.004523066125142805,-0.5326951151704504,-0.5192912091186489,0.016711190830691645,0.00031341427072109526,0.013403906051801528
0.2882205513784461,1.1490350306787716,1.1460105517863877,0.004084048648637906,7.622283310583477e-05,-0.003024478892383886,0.18107738853162947,0.18613133201219614,0.00950270758019833,0.00018235999285783175,0.005053943480566675,-0.5372584527584672,-0.5233271077468155,0.016711188346675173,0.00031341178670462434,0.013931345011651719
0.2907268170426065,1.1483765733838507,1.145243535181883,0.004084047534010277,7.622171847820593e-05,-0.0031330382019676417,0.17344473367715907,0.17901535108792666,0.009502704617239139,0.00018235702989864033,0.0055706174107675865,-0.5417426999681272,-0.5272645007743025,0.016711183793637927,0.0003134072336673768,0.014478199193824648
0.2932330827067669,1.147646146489896,1.1444026483332352,0.004084046608953398,7.622079342132705e-05,-0.0032434981566606957,0.16584346115325777,0.1719139892563947,0.009502702143923765,0.0001823545565832669,0.006070528103136935,-0.5461423625302317,-0.5310973105467912,0.01671118001243706,0.00031340345246651214,0.015045051983440527
0.2957393483709273,1.1468440554207024,1.1434872351301637,0.004084046625986853,7.622081045478155e-05,-0.0033568202905387423,0.1582754558727703,0.16482738150442733,0.00950270181096062,0.00018235422362012114,0.0065519256316570185,-0.5504520425294479,-0.5348201384337806,0.016711180106315414,0.00031340354634486455,0.01563190409566728
0.2982456140350877,1.1459706233708697,1.1424967726199167,0.00408404652385081,7.622070831873914e-05,-0.003473850750953078,0.15074259449915284,0.15775790347888982,0.009502701272837252,0.00018235368549675312,0.007015308979736984,-0.554666443758132,-0.5384294923280916,0.01671117970218568,0.00031340314221513146,0.016236951430040447
0.3007518796992481,1.1450261912256576,1.1414307575121232,0.004084045846892795,7.622003136072365e-05,-0.003595433713534435,0.14324674498110948,0.15070831898490034,0.009502699519116975,0.0001823519317764773,0.007461574003790855,-0.5587803769692778,-0.5419222053532076,0.01671117692303916,0.0003134003630686097,0.016858171616070283
0.3032581453634085,1.1440111174764556,1.1402886824449388,0.004084045258288917,7.621944275684564e-05,-0.003722435031516813,0.13578976608939178,0.14368139185861886,0.009502698005020484,0.0001823504176799872,0.007891625769227084,-0.5627887650233763,-0.5452951048471755,0.016711174503489915,0.00031339794351936565,0.017493660176200798
0.3057644110275689,1.142925778131887,1.1390701568445094,0.004084045564546492,7.621974901441985e-05,-0.0038556212873774864,0.12837350695587235,0.13667987991836567,0.009502698502206653,0.00018235091486615577,0.008306372962493314,-0.5666866479240842,-0.5485458060586801,0.016711175768788285,0.00031339920881773433,0.0181408418654041
0.3082706766917293,1.1417705666245686,1.1377751550617623,0.004084045731504742,7.621991597267017e-05,-0.00399541156280625,0.12099980661501011,0.12970652245097677,0.009502698726816455,0.00018235113947595734,0.00870671583596666,-0.5704691877377063,-0.5516743416546698,0.01671117645704919,0.00031339989707864174,0.0187948460830365
0.3107769423558897,1.14054589371355,1.1364037174196984,0.004084045275583456,7.621946005138498e-05,-0.004142176293851607,0.1136704935478185,0.1227640555322837,0.009502697608746216,0.00018235002140571657,0.009093561984465204,-0.574131673391612,-0.5546811985847387,0.016711174575687538,0.0003133980157169897,0.01945047480687323
0.3132832080200501,1.1392521873824561,1.1349558800485684,0.004084044832032164,7.621901650009232e-05,-0.00429630733388775,0.10638738522845076,0.11585521571251481,0.009502696543462037,0.0001823489561215401,0.00946783048406405,-0.5776695253468271,-0.5575668573188901,0.01671117274378065,0.00031339618381010214,0.020102668027937032
0.3157894736842105,1.1378898927333594,1.1334316299805438,0.004084045256133274,7.621944060120213e-05,-0.004458262752815578,0.09915228767351536,0.1089827107898329,0.00950269741179912,0.00018234982445862347,0.009830423116317544,-0.5810783001401665,-0.5603312787188247,0.016711174487228378,0.0003133979272578269,0.02074702142134177
0.3182957393483709,1.1364594718764047,1.1318308001654676,0.004084045542739392,7.62197272073212e-05,-0.004628671710937171,0.09196699499423142,0.10214915131371644,0.009502697995457766,0.00018235040811726604,0.01018215631948502,-0.5843536947914018,-0.5629727043622175,0.01671117566337786,0.0003133991034073101,0.021380990429184288
0.3208020050125313,1.1349614038152203,1.1301531881318356,0.004084045178609369,7.62193630772979e-05,-0.004808215683384631,0.0848332889515375,0.09535712824518847,0.009502697160517708,0.00018234957317720847,0.010523839293650972,-0.5874915510710944,-0.5654890125595097,0.01671117415704987,0.00031339759707931804,0.022002538511584735
0.3233082706766917,1.1333961843281362,1.1283985872172233,0.004084044769139383,7.621895360731149e-05,-0.004997597110912855,0.0777529385142623,0.08860923346415728,0.009502696238114276,0.0001823486507737777,0.010856294949894985,-0.5904878596248601,-0.5678780751920514,0.016711172463966306,0.0003133959039957549,0.0226097844328087
0.3258145363408521,1.131764325845245,1.1265670607836498,0.004084045213191101,7.621939765902928e-05,-0.005197265061595235,0.07072769942046714,0.08190790980130414,0.009502697206471034,0.0001823496191305341,0.011180210380836997,-0.5933387639499734,-0.5701380321576952,0.016711174289383932,0.0003133977294133841,0.023200731792278217
0.3283208020050125,1.1300663573213339,1.124659669693235,0.004084045536973055,7.621972144098358e-05,-0.005406687628098927,0.06375931374207017,0.0752550530330412,0.009502697917655773,0.00018235033031527563,0.01149573929097103,-0.5960405642203711,-0.5722680195776829,0.016711175619648945,0.00031339905967839673,0.023772544642688187
0.3308270676691729,1.1283028241047155,1.122677699313916,0.004084045196166733,7.62193806346614e-05,-0.005625124790799463,0.056849509452859354,0.06865243500178994,0.00950269717046374,0.00018234958312324248,0.011802925548930587,-0.5985897209562556,-0.5742673958669661,0.016711174211262697,0.00031339765129214774,0.024322325089289554
0.3333333333333333,1.1264742878019984,1.120622430935636,0.004084044764834384,7.621894930231317e-05,-0.005851856866362359,0.05000000000000007,0.062101828817393095,0.00950269622809392,0.00018234864075342144,0.012101828817393023,-0.6009828585346655,-0.5761355128175666,0.01671117243059617,0.00031339587062561837,0.0248473457170989
0.3358395989974937,1.1245813261388224,1.1184951069781661,0.0040840451803050215,7.621936477295025e-05,-0.006086219160656325,0.043212483879146724,0.05560482376484277,0.009502697154551175,0.0001823495672106766,0.012392339885696046,-0.6032167685375245,-0.57787140743675,0.016711174141287345,0.00031339758131679443,0.025345361100774455
0.3383458646616541,1.1226245328165985,1.1162968264749087,0.004084045502951182,7.621968741911082e-05,-0.006327706341689776,0.03648864421326059,0.049162269866123376,0.009502697878125084,0.00018235029078458588,0.012673625652862786,-0.6052884129338534,-0.5794728774597476,0.01671117547035231,0.0003133989103817605,0.025815535474105755
0.3408521303258145,1.1206045173652868,1.1140286497139207,0.004084045156301802,7.621934076973033e-05,-0.006575867651366085,0.029830148335241113,0.04277483340602917,0.009502697127628735,0.00018234954028823573,0.012944685070788053,-0.6071949270929852,-0.5809374056975573,0.016711174041627478,0.0003133974816569268,0.02625752139542792
0.3433583959899749,1.1185219049922484,1.1116916331551898,0.004084044682045121,7.621886651304913e-05,-0.0068302718370585325,0.023238647374470622,0.03644318211230335,0.009502696095716209,0.00018234850837571138,0.01320453473783273,-0.6089336226257976,-0.5822624680594213,0.016711172087924164,0.0003133955279536164,0.026671154566376365
0.3458646616541353,1.1163773364272127,1.1092869493888795,0.004084045051008006,7.62192354759339e-05,-0.007090387038333201,0.01671577584737899,0.030168066519100367,0.009502696920921793,0.00018234933358129496,0.013452290671721379,-0.6105019900511425,-0.5834456033322788,0.016711173610858426,0.0003133970508878751,0.02705638671886368
0.3483709273182957,1.114171467763391,1.106816292574784,0.004084045360922201,7.621954539012957e-05,-0.007355175188606955,0.0102631512521269,0.02395059502176461,0.009502697614500767,0.00018235002716026903,0.013687443769637708,-0.6118977012848295,-0.5844846494099012,0.01671117489135033,0.00031339833137978006,0.027413051874928263
0.3508771929824561,1.1119049702947847,1.1042814970566395,0.004084045002425304,7.621918689323149e-05,-0.007623473238145273,0.0038823736675100418,0.01779197509070668,0.009502696833377965,0.00018234924603746723,0.013909601423196638,-0.6131186119486931,-0.5853775207732456,0.016711173417595843,0.0003133968576252916,0.02774109117544754
0.3533834586466165,1.1095785303497216,1.101684393659773,0.004084044484115012,7.621866858294084e-05,-0.007894136689948539,-0.0024249746438186337,0.011693415747048352,0.009502695697819075,0.0001823481104785765,0.014118390390866986,-0.6141627634974567,-0.5861221245523252,0.01671117128594896,0.000313394725978409,0.028040638945131535
0.3558897243107769,1.1071928491206648,1.0990269632463605,0.0040840448056993425,7.621899016727102e-05,-0.008165885874304335,-0.0086573296277076,0.00565631993635396,0.009502696410460271,0.00018234882311977336,0.014313649564061559,-0.6150283851612788,-0.5867162906901547,0.01671117261702609,0.0003133960570555393,0.02831209447112404
0.3583959899749373,1.1047486424903359,1.0963119198908373,0.004084045105554064,7.621929002199302e-05,-0.00843672259949857,-0.014813145826349738,-0.00031698465114027297,0.009502697072528377,0.00018234948518787908,0.014496161175209465,-0.6157138957020593,-0.5871575068817589,0.01671117385924586,0.0003133972992753133,0.028556388820300316
0.3609022556390977,1.1022466408541947,1.0935421951877673,0.004084044741056696,7.621892552462482e-05,-0.008704445666427363,-0.02089089676151573,-0.006223892001773812,0.009502696268018881,0.00018234868067838256,0.01466700475974192,-0.6162179049817618,-0.5874431528792207,0.016711172363676346,0.00031339580370579436,0.0287747521025411
0.3634085213032581,1.0996875889393216,1.0907207177513187,0.004084044187246569,7.62183717144978e-05,-0.008966871188002878,-0.026889075313079214,-0.0120617942335432,0.009502695043572502,0.0001823474562320025,0.014827281079536014,-0.616539215341197,-0.587570600656803,0.01671117008833184,0.00031339352836129116,0.028968614684394045
0.3659147869674185,1.0970722456197435,1.0878503573016962,0.004084044468452072,7.621865292000016e-05,-0.009221888318047267,-0.03280619409274299,-0.017828197582724026,0.009502695656346438,0.00018234806900593924,0.014977996510018965,-0.6166768227878987,-0.5875371594457341,0.016711171255302554,0.00031339469533200317,0.029139663342164557
0.3684210526315789,1.0944013837282554,1.0849336860833254,0.004084044766951051,7.6218951418979e-05,-0.00946769764492994,-0.038640785812870504,-0.023521216723186966,0.009502696304533693,0.00018234871719319457,0.015119569089683538,-0.6166299179919157,-0.587339841788804,0.01671117249395603,0.00031339593398547756,0.029290076203111637
0.37092731829573933,1.0916757898647762,1.0819731771704606,0.0040840444068164766,7.62185912844054e-05,-0.009702612694315604,-0.04439140365033545,-0.029139164300589437,0.009502695498944239,0.00018234791160374032,0.01525223934974601,-0.6163978870885312,-0.5869755575066903,0.016711171018087733,0.00031339445811718247,0.029422329581840878
0.37343358395989973,1.088896264201295,1.078971301133281,0.004084043829254365,7.621801372229295e-05,-0.009924963068013826,-0.050056621605294616,-0.034680350957362716,0.009502694211832455,0.00018234662449195818,0.0153762706479319,-0.615980312287113,-0.5864412081073264,0.016711168646254788,0.00031339208628423937,0.029539104179786668
0.37593984962406013,1.086063620283448,1.075930408458521,0.00408404407925094,7.621826371886906e-05,-0.01013321182492688,-0.05563503485479754,-0.0401430607837065,0.009502694746003378,0.00018234715866288046,0.015491974071091041,-0.6153769722854918,-0.5857341530834551,0.016711169685705664,0.0003133931257351144,0.029642819202036708
0.37844611528822053,1.0831786848287828,1.0728521676987761,0.004084044386153197,7.621857062112614e-05,-0.010326517130006652,-0.061125260101145606,-0.04552543491902572,0.00950269540347554,0.00018234781613504203,0.015599825182119886,-0.6145878424894555,-0.5848544353772378,0.016711170959834577,0.0003133943998640288,0.029733407112217725
0.38095238095238093,1.080242297521752,1.0697380019535256,0.004084044040958899,7.62182254268275e-05,-0.010504295568226407,-0.06652593591491301,-0.050825561811021325,0.009502694622258017,0.00018234703491751844,0.01570037410389169,-0.6136130950371431,-0.5838030531752378,0.0167111695461167,0.0003133929861461496,0.02981004186190528
0.38345864661654133,1.0772553108054965,1.0665893319870492,0.00408404345089823,7.62176353661584e-05,-0.01066597881844733,-0.07183572307254482,-0.056041527437765526,0.009502693299806464,0.00018234571246596499,0.015794195634779296,-0.6124530986283115,-0.5825809974804124,0.016711167123079993,0.0003133905631094433,0.029872101147899177
0.38596491228070173,1.0742185896704608,1.0634075704279131,0.004084043677897508,7.621786236543605e-05,-0.010811019242547681,-0.07705330488844808,-0.0611714457610234,0.009502693776288458,0.00018234618894795988,0.01588185912742468,-0.6111084181586488,-0.5811895736305897,0.01671116806781532,0.0003133915078447719,0.029918844528059152
0.38847117794486213,1.071133011439898,1.0601940888105126,0.004084044001399923,7.621818586785206e-05,-0.01093892262938545,-0.08217738754149584,-0.06621362140467268,0.009502694464134959,0.00018234687679446018,0.015963766136823154,-0.6095798141594913,-0.5796321243678205,0.016711169410227638,0.00031339285025708713,0.02994768979167073
0.39097744360902253,1.0679994655523188,1.0569502415484584,0.004084043679778619,7.621786424654741e-05,-0.011049224003860436,-0.08720670039585954,-0.07116643180045795,0.009502693729479107,0.00018234614213860983,0.016040268595401586,-0.6078682420435055,-0.5779127836033654,0.016711168093335116,0.00031339153336456816,0.029955458440140137
0.39348370927318294,1.0648188533409326,1.053677381296425,0.004084043086233383,7.621727070131124e-05,-0.01114147204450755,-0.09213999631609315,-0.0760282517581426,0.009502692394789831,0.00018234480744933176,0.016111744557950558,-0.6059748511570788,-0.5760356793253221,0.01671116565541148,0.00031338909544093084,0.02993917183175676
0.39598997493734334,1.0615920878101426,1.050376846933809,0.004084043296112744,7.621748058067274e-05,-0.011215240876333521,-0.09697605197638898,-0.08079760399451807,0.009502692829794114,0.0001823452424536162,0.016178447981870903,-0.6039009836403614,-0.5740047180503915,0.016711166528898074,0.0003133899689275242,0.029896265589969828
0.39849624060150374,1.0583200934091435,1.047049891199045,0.0040840436418029535,7.621782627088215e-05,-0.011270202210098557,-0.10171366816393052,-0.08547405994691071,0.009502693563562106,0.00018234597622160728,0.016239608217019808,-0.6016481730960888,-0.5718223068516523,0.01671116796194035,0.00031339140196979826,0.029825866244436505
0.40100250626566414,1.0550038058026834,1.0436977293112963,0.0040840433496844835,7.621753415241255e-05,-0.01130607649138704,-0.10635167007626495,-0.09005763588705556,0.009502692891699378,0.00018234530435887834,0.016294034189209383,-0.5992181430685061,-0.5694902102409144,0.01671116676570479,0.00031339020573423974,0.029727932827591674
0.40350877192982454,1.0516441716390448,1.0403215749150436,0.00408404275892416,7.621694339208826e-05,-0.011322596724001155,-0.11088890761262254,-0.09454834669319523,0.009502691561655473,0.00018234397431497412,0.016340560919427316,-0.5966128053339017,-0.5670101833571692,0.016711164338204555,0.0003133877782340061,0.02960262197673247
0.40601503759398494,1.0482421483152997,1.036922597299328,0.0040840429549432455,7.621713941117362e-05,-0.011319551015971818,-0.11532425565911142,-0.09894617757673951,0.00950269196530394,0.0001823443779634425,0.016378078082371905,-0.5938342580044467,-0.5643841196237853,0.016711165153415034,0.00031338859344448545,0.02945013838066135
0.40852130325814534,1.044798703739901,1.0335016341307377,0.004084043325703378,7.621751017130683e-05,-0.011297069609163213,-0.11965661436771552,-0.10325090621688388,0.00950269275413359,0.00018234516679309227,0.016405708150831644,-0.5908847834472208,-0.561615021606566,0.01671116668857581,0.00031339012860526026,0.029269761840654884
0.41102756892230574,1.0413148160926673,1.0300593686616328,0.0040840430663807254,7.621725084865392e-05,-0.01125544743103446,-0.12388490942902791,-0.10746221238276937,0.009502692154945532,0.0001823445676050334,0.01642269704625854,-0.5877668460204879,-0.5587064026459545,0.016711165626248442,0.0003133890662778934,0.029060443374533396
0.41353383458646614,1.037791473582221,1.0265964820798172,0.004084042482132522,7.621666660045053e-05,-0.011194991502403662,-0.12800809233865001,-0.1115797721663867,0.00950269084020574,0.00018234325286524227,0.01642832017226331,-0.5844830896294668,-0.5556617724765562,0.016711163224273462,0.00031338666430291354,0.028821317152910586
0.41604010025062654,1.0342296742009374,1.0231135750207558,0.004084042665245549,7.621684971347711e-05,-0.011116099180181527,-0.13202514065719384,-0.11560327229162104,0.009502691216859557,0.00018234362951905902,0.0164218683655728,-0.5810363351040226,-0.5524846792817933,0.01671116398494168,0.00031338742497113206,0.028551655822229294
0.41854636591478694,1.03063042547747,1.0196105733773053,0.00408404306165811,7.621724612603786e-05,-0.011019852100164762,-0.13593505826381913,-0.11953251363818929,0.009502692064101472,0.00018234447676097483,0.016402544625629845,-0.5774295774008769,-0.5491790444750616,0.01671116562447804,0.0003133890645074888,0.028250532925815253
0.42105263157894735,1.0269947442269116,1.0160870622148068,0.004084042836265178,7.62170207331067e-05,-0.010907682012104791,-0.1397368756032445,-0.12336735300435842,0.009502691541957686,0.00018234395461718856,0.016369522598886077,-0.5736659826331152,-0.5457489749118782,0.016711164700639818,0.0003133881406692692,0.027917007721236953
0.42355889724310775,1.0233236562986483,1.0125426228267114,0.004084042260246914,7.621644471484221e-05,-0.01078103347193693,-0.1434296499261718,-0.12710764432010113,0.009502690247983638,0.00018234266064314116,0.016322005606070666,-0.5697488849299351,-0.5421985733328297,0.016711162331226086,0.0003133857712555356,0.027550311597105415
0.42606516290726815,1.019618196321979,1.0089767827860636,0.0040840424296775596,7.62166141454878e-05,-0.010641413535915412,-0.14701246552306252,-0.13075305072388044,0.00950269059741762,0.00018234301007712242,0.01625941479918208,-0.5656817831297505,-0.5385318727804194,0.016711163034150274,0.00031338647417972323,0.02714991034933112
0.42857142857142855,1.0158794074495532,1.0053885748489395,0.004084042850626455,7.621703509438326e-05,-0.010490832600613675,-0.15048443395120953,-0.13430147074672505,0.00950269150191108,0.00018234391457058196,0.01618296320448448,-0.5614683373099325,-0.5347522965087872,0.016711164773499026,0.0003133882135284767,0.026716040801145313
0.43107769423558895,1.0121083410986982,1.0017767600614778,0.004084042658755742,7.621684322367054e-05,-0.010331581037220428,-0.15384469425504677,-0.13774983441509953,0.009502691057030796,0.00018234346969029776,0.01609485983994724,-0.5571123651566285,-0.5308629315683226,0.01671116398654207,0.00031338742657152164,0.026249433588305893
0.43358395989974935,1.0083060566906947,0.9981400953802767,0.004084042091299945,7.621627576787291e-05,-0.010165961310418026,-0.15709241317964362,-0.14109505819065365,0.009502689785500392,0.00018234219815989314,0.015997354988989965,-0.552617838178259,-0.526866856931007,0.016711161651162293,0.0003133850911917445,0.02575098124725206
0.43609022556390975,1.004473621388069,0.9944773796383322,0.004084042245162966,7.62164296308941e-05,-0.00999624174973679,-0.16022678537733004,-0.14433407289332723,0.009502690104341254,0.00018234251700075479,0.015892712484002813,-0.5479888777664497,-0.5227671337694717,0.0167111622887009,0.00031338572873035276,0.025221743996977963
0.43859649122807015,1.0006121098299647,0.9907878615668687,0.004084042688446926,7.621687291485397e-05,-0.009824248263096025,-0.1632470336074009,-0.14746399520068249,0.009502691061860998,0.00018234347452049924,0.015783038406718408,-0.5432297511083036,-0.5185666799404209,0.01671116411893988,0.0003133875589693295,0.02466307116788269
0.44110275689223055,0.9967226038656621,0.9870710568710735,0.004084042528747474,7.621671321540276e-05,-0.009651546994588589,-0.16615240892885091,-0.15048205057052405,0.009502690691748967,0.0001823431044084678,0.015670358358326864,-0.53834486695407,-0.5142683265338993,0.016711163463466336,0.00031338690349578505,0.02407654042017071
0.44360902255639095,0.9928061922863068,0.9833264833138814,0.0040840419693791725,7.62161538471009e-05,-0.009479708972425449,-0.16894219088609264,-0.15338546167306016,0.009502689441963212,0.00018234185462271486,0.015556729213032472,-0.5333387712444044,-0.5098748996818666,0.016711161160349663,0.00031338460037911095,0.02346387156253782
0.44611528822055135,0.9888639705549197,0.979553705418719,0.004084042105234887,7.621628970281567e-05,-0.009310265136200702,-0.1716156876876097,-0.1561715208757743,0.009502689725059776,0.00018234213771927663,0.015444166811835414,-0.5282161426015611,-0.5053891717476701,0.01671116172264614,0.0003133851626755918,0.02282697085389107
0.44862155388471175,0.9848970405347507,0.9757528474248813,0.0040840425680937174,7.621675256164556e-05,-0.009144193109869359,-0.17417223637750262,-0.15883837765711756,0.009502690729639704,0.00018234314229920504,0.015333858720385063,-0.522981787688986,-0.5008133291830716,0.016711163632608193,0.00031338707263764073,0.022168458505914312
0.45112781954887216,0.9809065102160466,0.9719243941422884,0.004084042438768718,7.621662323664666e-05,-0.008982116073758206,-0.1766112029998846,-0.16138473275291304,0.009502690430349852,0.00018234284300935454,0.015226470246971546,-0.5176406364439151,-0.49614917934878167,0.016711163101428783,0.000313386541458236,0.021491457095133448
0.45363408521303256,0.9768934934412986,0.9680688349157227,0.004084041886673059,7.621607114098731e-05,-0.008824658525575901,-0.17893198275608535,-0.16380929143166367,0.009502689200436776,0.00018234161309627905,0.015122691324421678,-0.5121977371877059,-0.4913985201385634,0.01671116082743691,0.00031338426746636155,0.020799217049142504
0.45614035087719296,0.9728591096290391,0.9641866592556942,0.004084042001962288,7.621618643021701e-05,-0.008672450373344853,-0.18113400015462522,-0.166110733238363,0.009502689441997362,0.00018234185465686425,0.015023266916262212,-0.5066582516187513,-0.4865633148652212,0.016711161304166038,0.0003133847441954892,0.020094936753530135
0.45864661654135336,0.9688044834962565,0.9602783765169669,0.004084042481481475,7.62166659494028e-05,-0.008526106979289572,-0.1832167091539213,-0.16828746082079432,0.009502690486992007,0.00018234289965151027,0.014929248333126977,-0.5010274496929441,-0.4816477149222613,0.016711163282059655,0.0003133867220891034,0.019379734770682777
0.46115288220551376,0.9647307447794942,0.9563445095285822,0.0040840423806604124,7.621656512834081e-05,-0.008386235250911978,-0.18517959329769185,-0.17033768161765528,0.009502690254124044,0.00018234266678354713,0.014841911680036568,-0.4953107043967651,-0.4766574012534607,0.016711162867684634,0.00031338630771408216,0.018653303143304434
0.46365914786967416,0.9606390279547063,0.9523855800446258,0.004084041835022329,7.621601949025762e-05,-0.008253447910080536,-0.18702216584302328,-0.17225959406536212,0.009502689041962128,0.0001823414546216293,0.01476257177766116,-0.4895134864181855,-0.47159808388648433,0.016711160619676754,0.00031338405970620254,0.017915402531701152
0.46616541353383456,0.9565304719559397,0.9484020932673084,0.00408404192737723,7.621611184515861e-05,-0.008128378688631255,-0.18874396988106928,-0.17405147113946523,0.009502689236403749,0.00018234164906324974,0.014692498741604054,-0.4836413587206644,-0.4664754342269118,0.016711161001289644,0.0003133844413190928,0.017165924493752593
0.46867167919799496,0.9524062198929055,0.9443943309712345,0.004084042420767959,7.621660523588703e-05,-0.00801188892167104,-0.1903445784503524,-0.17571274573837764,0.00950269031527635,0.0001823427279358509,0.014631832711974768,-0.47769997102562406,-0.46129458716686744,0.016711163035825528,0.00031338647585497627,0.016405383858756617
0.47117794486215536,0.9482674187675213,0.9403624053576805,0.00408404234675876,7.621653122668915e-05,-0.007905013409840844,-0.19182359464263882,-0.1772437281791583,0.009502690144690577,0.00018234255735008,0.014579866463480529,-0.4716950542088769,-0.4560602710168251,0.01671116273148043,0.0003133861715098794,0.015634783192051804
0.47368421052631576,0.9441152191894834,0.9363064231629002,0.004084041806989641,7.621599145756904e-05,-0.007808796026583131,-0.19318065170136117,-0.1786447452576428,0.009502688948558387,0.00018234136121788845,0.014535906443718383,-0.46563241461656,-0.4507772029173738,0.016711160507219956,0.00031338394724940807,0.014855211699186244
0.47619047619047616,0.9399507750909477,0.9322265460434069,0.004084041874433997,7.621605890192517e-05,-0.007724229047540776,-0.19441541311256427,-0.17991610237816202,0.009502689091097591,0.00018234150375709285,0.014499310734402249,-0.45951792830621724,-0.4454500954304004,0.01671116078575071,0.00031338422578016176,0.014067832875816866
0.47869674185463656,0.935775243440384,0.9281238616926645,0.004084042379210214,7.621656367814229e-05,-0.00765138174771951,-0.19552757268835164,-0.1810578364047809,0.00950269019794303,0.0001823426106025317,0.014469736283570733,-0.45335753521873706,-0.4400835990948716,0.016711162866851568,0.00031338630688101645,0.01327393612386546
0.48120300751879697,0.9315897839556795,0.9240002173632325,0.004084042330655279,7.621651512320687e-05,-0.007589566592447028,-0.19651685464281204,-0.18206976287244153,0.009502690086226857,0.00018234249888635933,0.014447091770370513,-0.4471572332869309,-0.43468231372062793,0.016711162667096758,0.00031338610712621065,0.012474919566302978
0.48370927318295737,0.9273955588165594,0.919857481684169,0.004084041796528105,7.621598099603286e-05,-0.007538077132390408,-0.19738301366040678,-0.18295168538824363,0.009502688905219953,0.00018234131787945576,0.014431328272163146,-0.440923072486593,-0.4292508375570987,0.01671116046579372,0.00031338390582316884,0.011672234929494318
0.48621553884711777,0.9231937323763977,0.9156975211853365,0.004084041837593971,7.62160220618995e-05,-0.007496211191061142,-0.19812583495680175,-0.1837034165247416,0.009502688992238512,0.00018234140489801522,0.014422418432060158,-0.43466114883594065,-0.42379383289221606,0.01671116063532719,0.0003133840753566401,0.010867315943724587
0.48872180451127817,0.9189854708734879,0.911522180989816,0.004084042351673769,7.621653614169758e-05,-0.007463289883671953,-0.19874513433212787,-0.18432503612733814,0.00950269012211152,0.00018234253477102265,0.014420098204789733,-0.4283775983493904,-0.4183171593092874,0.01671116275453411,0.00031338619456356217,0.010060439040102953
0.49122807017543857,0.9147719421418474,0.9073332872083901,0.00408404232763469,7.621651210261821e-05,-0.0074386549334573004,-0.1992407582166581,-0.18481686073986886,0.009502690066868658,0.00018234247952815985,0.014423897476789238,-0.42207859095166295,-0.4128277401136198,0.016711162655611813,0.0003133860956412637,0.009250850838043168
0.49373433583959897,0.9105543153216265,0.9031326646155133,0.004084041799356413,7.621598382434141e-05,-0.007421650706113114,-0.1996125837088883,-0.18517920961276507,0.009502688901144448,0.00018234131380394922,0.01443337409612322,-0.41577032435825656,-0.4073325367285878,0.01671116047821425,0.0003133839182436998,0.008437787629668736
0.49624060150375937,0.9063337605691915,0.8989221631631,0.004084041813145322,7.621599761325016e-05,-0.00741159740609143,-0.19986051860601373,-0.18541242049955298,0.009502688930403179,0.00018234134306267975,0.01444809810646075,-0.4094590179283544,-0.4018385068665353,0.01671116053513098,0.0003133839751604318,0.007620511061819046
0.49874686716791977,0.9021114487669577,0.894704185116578,0.0040840423349011706,7.621651936909877e-05,-0.007407263650379692,-0.19998450142679275,-0.18551734557816518,0.009502690079494381,0.000182342492153884,0.014467155848627566,-0.4031509064962666,-0.3963524972466652,0.016711162685802,0.00031338612583145135,0.0067984092496014
0.5012531328320802,0.8978885512330426,0.8904816637592157,0.004084042334901019,7.62165193689474e-05,-0.007406887473826895,-0.19998450142679275,-0.18549533127287893,0.009502690079494374,0.00018234249215387538,0.014489170153913822,-0.3968522341875234,-0.39088124834518734,0.01671116268580195,0.00031338612583140223,0.005970985842336074
0.5037593984962405,0.893666239430809,0.8862575536532513,0.004084041813145511,7.621599761343938e-05,-0.007408685777557711,-0.19986051860601373,-0.18534773842892616,0.009502688930403682,0.00018234134306318358,0.01451278017708757,-0.39056924822575323,-0.3854314989231612,0.016711160535131317,0.0003133839751607692,0.005137749302592032
0.506265664160401,0.8894456846783738,0.8820348110415285,0.004084041799356356,7.62159838242848e-05,-0.007410873636845339,-0.19961258370888835,-0.18507592700301578,0.009502688901145296,0.00018234131380479832,0.014536656705872564,-0.3843081927364856,-0.38000997891055155,0.016711160478214814,0.0003133839182442641,0.0042982138259340386
0.5087719298245614,0.8852280578581527,0.8778164352043056,0.004084042327634794,7.62165121027224e-05,-0.007411622653847094,-0.19924075821665815,-0.18468137255135136,0.009502690066868472,0.00018234247952797424,0.01455938566530679,-0.3780753025540312,-0.3746231282225638,0.016711162655611865,0.00031338609564131596,0.003452174331467439
0.5112781954887218,0.8810145291265125,0.8736054703513121,0.0040840423516736845,7.621653614161284e-05,-0.007409058775200372,-0.19874513433212793,-0.18416567113842008,0.009502690122111487,0.0001823425347709883,0.014579463193707842,-0.3718767970375736,-0.3692770852723768,0.016711162754534395,0.0003133861945638453,0.0025997117651967994
0.5137844611528821,0.8768062676236028,0.8694049632024666,0.004084041837593923,7.621602206185216e-05,-0.007401304421136179,-0.19812583495680175,-0.1835304189624079,0.009502688992238537,0.00018234140489803752,0.014595415994393846,-0.3657188739026105,-0.3639779783031911,0.016711160635327158,0.0003133840753566085,0.0017408955994193676
0.5162907268170426,0.8726044411834408,0.8652179527617487,0.0040840417965281135,7.62159809960426e-05,-0.0073864884216920945,-0.19738301366040684,-0.18277717608415128,0.009502688905219969,0.00018234131787947056,0.014605837576255554,-0.3596077030738623,-0.3587319311086701,0.016711160465793965,0.00031338390582341446,0.0008757719651922291
0.518796992481203,0.8684102160443208,0.8610472398263623,0.00408404233065526,7.621651512318803e-05,-0.00736297621795845,-0.19651685464281204,-0.18190662219815257,0.009502690086227299,0.0001823424988868013,0.014610232444659477,-0.353549420565746,-0.3535448179186126,0.016711162667097063,0.00031338610712651303,4.6026471334226216e-06
0.5213032581453634,0.8642247565596163,0.856895357034692,0.0040840423792102894,7.621656367821819e-05,-0.007329399524924285,-0.1955275726883517,-0.18091844643402805,0.009502690197943803,0.00018234261060330554,0.014609126254323646,-0.3475501223964792,-0.34842223168838055,0.01671116286685218,0.0003133863068816278,-0.0008721092919013462
0.5238095238095237,0.8600492249090527,0.8527648237122618,0.0040840418744339775,7.621605890190613e-05,-0.007284401196790857,-0.19441541311256433,-0.17981227959938761,0.009502689091097295,0.00018234150375679594,0.014603133513176714,-0.3416158585418558,-0.34336975545375215,0.016711160785750443,0.00031338422577989385,-0.0017538969118963688
0.5263157894736842,0.8558847808105168,0.8486581566325971,0.004084041806989792,7.621599145772e-05,-0.007226624177919638,-0.19318065170136123,-0.17858775268383792,0.009502688948558451,0.00018234136121795364,0.014592899017523309,-0.3357526269346866,-0.33839296319393786,0.016711160507219693,0.00031338394724914206,-0.0026403362592512525
0.5288220551378446,0.8517325812324789,0.8445777477192401,0.004084042346758705,7.621653122663251e-05,-0.007154833513238756,-0.19182359464263882,-0.1772446946315258,0.009502690144690287,0.00018234255734978953,0.014578900011113005,-0.32996636751586117,-0.33349693649195755,0.016711162731480357,0.00031338617150980915,-0.003530568976096382
0.531328320802005,0.8475937801070947,0.8405258365566296,0.004084042420767826,7.621660523575464e-05,-0.007067943550465139,-0.19034457845035246,-0.17578317692121803,0.00950269031527724,0.00018234272793674048,0.014561401529134432,-0.3242629563429229,-0.32868615572132065,0.016711163035826003,0.00031338647585545364,-0.004423199378397746
0.5338345864661653,0.8434695280440606,0.8365046549714735,0.004084041927377231,7.621611184515898e-05,-0.0069648730725870855,-0.18874396988106934,-0.1742032801141774,0.009502689236404297,0.00018234164906379862,0.014540689766891934,-0.31864819976200875,-0.3239650709686562,0.01671116100129024,0.0003133844413196905,-0.005316871206647422
0.5363408521303258,0.8393609720452937,0.8325164296562046,0.004084041835022272,7.621601949020062e-05,-0.006844542389089048,-0.18702216584302334,-0.172505078255057,0.009502689041962423,0.00018234145462192535,0.014517087587966326,-0.3131278286489311,-0.319338135428792,0.016711160619676695,0.0003133840597061453,-0.006210306779860952
0.5388471177944862,0.8352692552205061,0.8285631143523113,0.0040840423806603,7.621656512822773e-05,-0.006706140868194765,-0.1851795932976919,-0.17068861882468178,0.009502690254124107,0.00018234266678360887,0.014490974473010121,-0.3077074927251124,-0.31480966132357374,0.016711162867684988,0.00031338630771443843,-0.007102168598461356
0.5413533834586466,0.8311955165037437,0.8246463020544066,0.004084042481481493,7.621666594942148e-05,-0.006549214449337093,-0.18321670915392135,-0.1687539161424072,0.009502690486991665,0.00018234289965116628,0.014462793011514152,-0.30239275495401186,-0.3103837727927641,0.016711163282059273,0.0003133867220887242,-0.007991017838752223
0.5438596491228069,0.8271408903709611,0.8207675629299352,0.004084042001962346,7.621618643027401e-05,-0.006373327441025811,-0.18113400015462527,-0.1667009765753974,0.00950268944199722,0.00018234185465672162,0.014433023579227877,-0.29718908602360034,-0.3060645881092219,0.016711161304166177,0.00031338474419562894,-0.008875502085621545
0.5463659147869674,0.8231065065587017,0.8169284629330583,0.0040840418866729365,7.621607114086458e-05,-0.006178043625643337,-0.17893198275608546,-0.16452981363900449,0.009502689200436901,0.00018234161309640392,0.014402169117080976,-0.292101858920359,-0.3018562338363877,0.01671116082743715,0.00031338426746660046,-0.009754374916028707
0.5488721804511278,0.8190934897839535,0.8131302634102788,0.004084042438768718,7.621662323664678e-05,-0.005963226373674635,-0.17661120299988464,-0.16224108171530482,0.009502690430350028,0.00018234284300952864,0.014370121284579818,-0.28713634360018025,-0.29776287154687214,0.016711163101428988,0.0003133865414584376,-0.010626527946691888
0.5513784461152882,0.8151029594652496,0.8093737892732099,0.004084042568093783,7.621675256171248e-05,-0.005729170192039668,-0.17417223637750273,-0.15983635423663195,0.009502690729639907,0.00018234314229940887,0.014335882140870781,-0.2822977017614574,-0.29378870967370807,0.016711163632608883,0.00031338707263833414,-0.011491007912250661
0.5538847117794485,0.8111360294450807,0.8056598339801865,0.004084042105234944,7.621628970287298e-05,-0.005476195464894196,-0.17161568768760982,-0.15731726966493598,0.009502689725060997,0.000182342137720499,0.014298418022673842,-0.27759098172554764,-0.2899379680311751,0.016711161722647253,0.0003133851626767033,-0.012346986305627472
0.556390977443609,0.8071938077136933,0.8019891913784494,0.004084041969379183,7.621615384711107e-05,-0.005204616335243939,-0.16894219088609275,-0.15468545994180694,0.009502689441963202,0.00018234185462270378,0.014256730944285811,-0.273021113429687,-0.28621487828020264,0.01671116116035024,0.00031338460037968823,-0.013193764850515655
0.5588972431077694,0.803277396134338,0.7983625413573645,0.004084042528747521,7.621671321545007e-05,-0.00491485477697351,-0.16615240892885097,-0.1519425248269039,0.009502690691749307,0.0001823431044088096,0.014209884101947068,-0.26859290353732157,-0.2826238743992022,0.01671116346346654,0.00031338690349599094,-0.014030970861880654
0.5614035087719298,0.7993878901700355,0.794780385905362,0.004084042688447029,7.621687291495796e-05,-0.00460750426467349,-0.163247033607401,-0.14909001755957785,0.009502691061862002,0.0001823434745215039,0.014157016047823157,-0.2643110306707056,-0.2791696993252329,0.016711164118940375,0.00031338755896982766,-0.014858668654527285
0.5639097744360901,0.7955263786119313,0.7912432139412617,0.0040840422451629286,7.621642963085694e-05,-0.004283164670669581,-0.16022678537733026,-0.14612948191730413,0.00950269010434133,0.00018234251700083152,0.014097303460026134,-0.2601800407704945,-0.2758571311003894,0.016711162288701505,0.0003133857287309552,-0.015677090329894894
0.5664160401002506,0.7916939433093055,0.7877515151902226,0.004084042091299887,7.621627576781608e-05,-0.0039424281190829635,-0.1570924131796438,-0.14306245180292376,0.009502689785500533,0.00018234219816003403,0.014029961376720024,-0.25620434258693736,-0.2726909562595634,0.016711161651162307,0.000313385091191755,-0.01648661367262605
0.568922305764411,0.7878916589013019,0.784305656259629,0.004084042658755733,7.621684322366101e-05,-0.0035860026416728585,-0.15384469425504682,-0.1398901585166638,0.009502691057031028,0.0001823434696905308,0.013954535738383012,-0.2523882033071375,-0.2696758910355176,0.016711163986542134,0.0003133874265715821,-0.017287687728380075
0.5714285714285714,0.784120592550447,0.7809057950819069,0.00408404285062638,7.621703509430786e-05,-0.0032147974685400316,-0.15048443395120958,-0.13661332864831,0.00950269150191152,0.00018234391457102206,0.013871105302899589,-0.24873574432272064,-0.26681652703342007,0.016711164773499477,0.00031338821352892875,-0.018080782710699433
0.5739348370927317,0.7803818036780213,0.7775520718809109,0.004084042429677399,7.621661414532728e-05,-0.002829731797110435,-0.1470124655230628,-0.13323263508328775,0.009502690597418055,0.00018234301007755819,0.013779830439775043,-0.24525093714210733,-0.2641174532423976,0.0167111630341507,0.00031338647418015063,-0.018866516100290276
0.5764411027568922,0.7766763437013519,0.7742446279364248,0.004084042260246905,7.621644471483317e-05,-0.002431715764927067,-0.14342964992617196,-0.1297487453705582,0.009502690247983553,0.00018234266064305385,0.013680904555613771,-0.24193759945144458,-0.2615832617507897,0.016711162331226385,0.00031338577125583416,-0.01964566229934514
0.5789473684210527,0.7730052557730885,0.7709834618469146,0.0040840428362651695,7.621702073309769e-05,-0.002021793926173965,-0.13973687560324455,-0.1261623762497478,0.009502691541957788,0.00018234395461728953,0.01357449935349675,-0.23879939132810374,-0.25921782927056997,0.01671116470064024,0.00031338814066969063,-0.020418437942466228
0.581453634085213,0.76936957452253,0.7677683096963167,0.004084043061658025,7.621724612595342e-05,-0.0016012648262132556,-0.13593505826381924,-0.12247433911500377,0.00950269206410195,0.00018234447676145036,0.01346071914881547,-0.23583981161049883,-0.25702371817704406,0.016711165624478854,0.00031338906450830535,-0.02118390656654523
0.5839598997493733,0.765770325799063,0.764598881905086,0.004084042665245568,7.62168497134966e-05,-0.0011714438939770533,-0.13202514065719412,-0.11868545017757909,0.00950269121686017,0.0001823436295196717,0.01333969047961503,-0.23306219442782736,-0.2550033609209628,0.016711163984942486,0.00031338742497193697,-0.02194116649313546
0.5864661654135338,0.7622085264177793,0.7614748928041994,0.004084042482132702,7.621666660063098e-05,-0.0007336336135798094,-0.12800809233865018,-0.1147965229126901,0.009502690840206105,0.0001823432528656081,0.013211569425960079,-0.2304697058931745,-0.2531591995875551,0.016711163224274288,0.00031338666430373824,-0.022689493694380614
0.5889724310776943,0.7586851839073329,0.7583962391000585,0.004084043066380783,7.62172508487109e-05,-0.00028894480727437166,-0.12388490942902797,-0.11080877367048181,0.009502692154945968,0.00018234456760546968,0.013076135758546159,-0.22806534096326234,-0.2514934774248901,0.016711165626248872,0.0003133890662783229,-0.023428136461627752
0.5914786967418546,0.7552012962600992,0.7553631766763846,0.004084043325703397,7.621751017132601e-05,0.00016188041628539818,-0.11965661436771574,-0.10672422350543853,0.009502692754134092,0.00018234516679359395,0.01293239086227721,-0.22585192046795577,-0.2500080323107583,0.016711166688576296,0.00031339012860574626,-0.02415611184280253
0.593984962406015,0.7517578516847007,0.7523760059740052,0.004084042954943207,7.621713941113606e-05,0.0006181542893045622,-0.1153242556591117,-0.10254498323544076,0.009502691965304013,0.00018234437796351444,0.01277927242367094,-0.22383208831247367,-0.24870466456004645,0.016711165153415287,0.0003133885934447398,-0.024872576247572775
0.5964912280701754,0.7483558283609555,0.7494350308303205,0.004084042758924321,7.621694339224958e-05,0.0010792024693649926,-0.11088890761262271,-0.09827315722714158,0.00950269156165602,0.00018234397431552164,0.012615750385481128,-0.22200830885507972,-0.24758518453753334,0.016711164338205305,0.0003133877782347556,-0.02557687568245362
0.5989974937343359,0.7449961941973167,0.7465407118872798,0.004084043349684465,7.621753415239433e-05,0.0015445176899631097,-0.10635167007626506,-0.09391069912124356,0.009502692891699457,0.00018234530435895925,0.012440970955021502,-0.2203828644628537,-0.24665112688218205,0.016711166765705415,0.00031339020573486624,-0.026268262419328336
0.6015037593984962,0.7416799065908569,0.7436938450339898,0.004084043641803086,7.621782627101503e-05,0.002013938443132912,-0.10171366816393068,-0.08945924400107397,0.009502693563561843,0.00018234597622134447,0.012254424162856714,-0.2189578532479669,-0.24590341808068727,0.016711167961940596,0.0003133914019700468,-0.02694556483272037
0.6040100250626566,0.7384079121898578,0.7408952720838058,0.004084043296112744,7.621748058067262e-05,0.0024873598939479935,-0.09697605197638931,-0.08492038077707736,0.009502692829794553,0.00018234524245405582,0.012055671199311946,-0.21773518698670769,-0.2453429157433817,0.016711166528898203,0.0003133899689276527,-0.027607728756674027
0.606516290726817,0.7351811466590676,0.738145836589978,0.004084043086233308,7.621727070123594e-05,0.002964689930910369,-0.09213999631609338,-0.08029569206527742,0.009502692394789857,0.0001823448074493588,0.011844304250815951,-0.21671658922332096,-0.24497048792468576,0.016711165655411794,0.00031338909544124715,-0.0282538987013648
0.6090225563909775,0.7320005344476813,0.735446128881289,0.0040840436797787896,7.621786424671794e-05,0.0034455944336077016,-0.0872067003958596,-0.07558650630539926,0.009502693729479091,0.00018234614213859436,0.011620194090460334,-0.2159035935605423,-0.24478664411870932,0.01671116809333535,0.00031339153336479883,-0.028883050558167006
0.6115288220551378,0.7288669885601022,0.732796140996306,0.004084044001399961,7.621818586789015e-05,0.003929152436203731,-0.08217738754149606,-0.07079356227891848,0.009502694464135828,0.00018234687679533017,0.011383825262577585,-0.215297542138522,-0.24479103586921885,0.01671116941022832,0.0003133928502577714,-0.029493493730696846
0.6140350877192982,0.7257814103295395,0.7301957815537171,0.00408404367789749,7.621786236541792e-05,0.004414371224177649,-0.0770533048884483,-0.06591750974972005,0.009502693776288401,0.0001823461889479039,0.011135795138728255,-0.21489958430364742,-0.24498320181907418,0.016711168067815963,0.0003133915078454111,-0.030083617515426764
0.6165413533834586,0.7227446891945035,0.727644962247589,0.0040840434508983715,7.621763536630028e-05,0.004900273053085491,-0.07183572307254488,-0.06095899394362658,0.009502693299807111,0.00018234571246661383,0.010876729128918294,-0.21471067546858488,-0.24536269254514734,0.016711167123080364,0.00031339056310981516,-0.030652017076562454
0.6190476190476191,0.719757702478248,0.7251437336587946,0.004084044040958919,7.62182254268473e-05,0.005386031180546591,-0.06652593591491313,-0.055918936833523614,0.009502694622258771,0.0001823470349182728,0.010606999081389512,-0.214731576164671,-0.24592913518997855,0.01671116954611784,0.0003133929861472898,-0.031197559025307547
0.6215538847117794,0.7168213151712175,0.722692497570077,0.004084044386153028,7.621857062095669e-05,0.005871182398859531,-0.06112526010114583,-0.050798976848868194,0.009502695403475602,0.00018234781613510434,0.010326283252277635,-0.21496285128759357,-0.24668233451698904,0.01671117095983526,0.00031339439986470877,-0.03171948322939547
0.6240601503759398,0.7139363797165521,0.7202917135097917,0.004084044079250998,7.621826371892657e-05,0.006355333793239604,-0.05563503485479776,-0.04560086119847917,0.009502694746003749,0.00018234715866325015,0.01003417365631859,-0.21540486953710983,-0.24762213314039497,0.01671116968570651,0.00031339312573596165,-0.03221726360328514
0.6265664160401002,0.7111037357987052,0.717941843799792,0.004084043829254346,7.621801372227445e-05,0.006838108001086751,-0.05005662160529473,-0.0403263320606273,0.009502694211832521,0.00018234662449202431,0.009730289544667425,-0.2160578030513585,-0.24874838498909368,0.01671116864625517,0.00031339208628462036,-0.03269058193773519
0.6290726817042607,0.708324210135224,0.7156433393736138,0.0040840444068165815,7.621859128450982e-05,0.007319129238389843,-0.044391403650335504,-0.03497706759338087,0.009502695498944422,0.00018234791160392532,0.00941433605695463,-0.2169216272361276,-0.2500606921889107,0.016711171018088156,0.0003133944581176068,-0.0331390649527831
0.631578947368421,0.7055986162717449,0.7133966142916428,0.004084044766951183,7.621895141911216e-05,0.007797998019897889,-0.038640785812870726,-0.029554575952550788,0.009502696304534028,0.00018234871719352962,0.009086209860319938,-0.21799612078924774,-0.2515579326346476,0.016711172493956834,0.0003133959339862853,-0.03356181184539986
0.6340852130325814,0.7029277543802566,0.7112020786147346,0.004084044468452138,7.621865292006699e-05,0.008274324234478048,-0.03280619409274321,-0.024060331948475455,0.00950269565634623,0.00018234806900573178,0.008745862144267758,-0.2192808659200868,-0.25323886822980046,0.01671117125530296,0.0003133946953324105,-0.03395800230971366
0.6365914786967418,0.7003124110606787,0.7090601452711033,0.004084044187246684,7.621837171461228e-05,0.00874773421042463,-0.02688907531307949,-0.018495805785471553,0.009502695043572996,0.00018234745623249744,0.008393269527607938,-0.22077524876392798,-0.2551022719348284,0.01671117008833293,0.0003133935283623791,-0.03432702317090039
0.6390977443609023,0.6977533591458054,0.7069711613225205,0.00408404474105681,7.621892552473868e-05,0.009217802176715084,-0.020890896761515787,-0.012862536954528214,0.009502696268019311,0.0001823486806788131,0.008028359806987573,-0.2224784599908201,-0.25714634084522126,0.0167111723636769,0.0003133958037063509,-0.034667880854401145
0.6416040100250626,0.6952513575096642,0.7049352668389767,0.0040840451055542725,7.621929002220152e-05,0.009683909329312512,-0.014813145826349794,-0.007162285850446315,0.009502697072528295,0.00018234948518779643,0.007650859975903479,-0.2243894956082969,-0.25936749140636284,0.016711173859246187,0.0003133972992756378,-0.03497799579806593
0.644110275689223,0.6928071508793355,0.7029525649420382,0.004084044805699381,7.621899016730922e-05,0.01014541406270264,-0.008657329627708044,-0.001396851323659687,0.00950269641046073,0.00018234882312023024,0.007260478304048357,-0.22650715795716883,-0.2617618104386916,0.016711172617026638,0.0003133960570560877,-0.03525465248152279
0.6466165413533834,0.6904214696502786,0.7010231616942005,0.004084044484115042,7.62186685829703e-05,0.010601692043921918,-0.0024249746438189113,0.004431972131793527,0.009502695697819525,0.0001823481104790264,0.006856946775612438,-0.22883005689940006,-0.2643253955311695,0.016711171285950108,0.0003133947259795584,-0.03549533863176946
0.6491228070175439,0.6880950297052155,0.6991470524131728,0.00408404500242535,7.621918689327922e-05,0.011052022707957243,0.0038823736675098197,0.010322815332760249,0.009502696833378189,0.0001823492460376911,0.006440441665250429,-0.2313566111968901,-0.26705461445462503,0.01671117341759633,0.00031339685762577955,-0.03569800325773492
0.6516290726817042,0.6858285322366091,0.6973238558901298,0.004084045360922003,7.621954538993148e-05,0.011495323653520684,0.010263151252126623,0.016275718657166816,0.009502697614500788,0.0001823500271602899,0.006012567405040192,-0.23408505007979763,-0.2699467119487028,0.016711174891350773,0.00031339833138022155,-0.03586166186890516
0.6541353383458646,0.6836226635727876,0.6955531147945204,0.004084045051008044,7.621923547597235e-05,0.011930451221732863,0.016715775847378544,0.022291019383276045,0.00950269692092174,0.00018234933358124086,0.0055752435358975005,-0.2370134150028457,-0.27299912343921284,0.016711173610858915,0.00031339705088836474,-0.03598570843636714
0.656641604010025,0.6814780950077517,0.6938343747234517,0.004084044682045112,7.621886651304015e-05,0.01235627971569997,0.02323864737447051,0.028369058842477035,0.009502696095716407,0.00018234850837590852,0.005130411468006524,-0.2401395615878694,-0.27620929431253377,0.01671117208792466,0.00031339552795411115,-0.03606973272466438
0.6591478696741855,0.6793954826347134,0.6921672687948738,0.004084045156301841,7.621934076976897e-05,0.012771786160160392,0.029830148335241058,0.03451029137134087,0.009502697127629047,0.0001823495402885481,0.004680143036099815,-0.24346116175067783,-0.2795747468001274,0.016711174041628314,0.00031339748165776465,-0.03611358504944956
0.6616541353383458,0.6773754671834017,0.6905517421013381,0.0040840455029511925,7.621968741912066e-05,0.013176274917936381,0.03648864421326048,0.04071557336021914,0.009502697878125878,0.00018235029078538027,0.004226929146958658,-0.24697570601012306,-0.2830932576499983,0.01671117547035304,0.00031339891038249026,-0.03611755163987526
0.6641604010025062,0.6754186738611778,0.6889878131711775,0.004084045180304994,7.621936477292268e-05,0.0135691393099997,0.043212483879146446,0.04698585610853245,0.009502697154551733,0.00018234956721123433,0.0037733722293860072,-0.2506805059770827,-0.2867626690630576,0.016711174141288313,0.0003133975813177637,-0.036082163085974894
0.6666666666666666,0.6735257121980018,0.6874755034160465,0.0040840447648343384,7.621894930226654e-05,0.013949791218044627,0.04999999999999977,0.053322094994164015,0.009502696228094267,0.0001823486407537702,0.0033220949941642486,-0.25457269702088997,-0.2905808326950592,0.016711172430596895,0.0003133958706263455,-0.03600813567416922
0.6691729323308271,0.6716971758952845,0.6860148208227431,0.004084045196166667,7.621938063459567e-05,0.014317644927458573,0.05684950945285944,0.05972524116059405,0.009502697170463753,0.00018234958312325538,0.0028757317077346134,-0.25864924111056564,-0.29454499079720287,0.016711174211263093,0.0003133976512925429,-0.035895749686637224
0.6716791979949874,0.6699336426786664,0.684605711024142,0.004084045536973055,7.621972144098426e-05,0.01467206834547563,0.06375931374206986,0.06619621652972374,0.009502697917656127,0.00018235033031562865,0.0024369027876538774,-0.262906929828033,-0.29864991981889516,0.016711175619649698,0.00031339905967914814,-0.03574298999086217
0.6741854636591478,0.668235674154755,0.6832481062262501,0.004084045213191016,7.621939765894475e-05,0.015012432071495052,0.07072769942046664,0.07273593880327117,0.009502697206471952,0.0001823496191314534,0.002008239382804533,-0.2673423875503309,-0.3028897863789628,0.016711174289384904,0.00031339772941435306,-0.03554739882863189
0.6766917293233082,0.666603815671864,0.6819419415142776,0.00408404476913943,7.62189536073592e-05,0.015338125842413564,0.07775293851426218,0.07934532978942638,0.009502696238114741,0.0001823486507742429,0.0015923912751641955,-0.2719520747976624,-0.3072587656991743,0.0167111724639669,0.000313395903996351,-0.035306690901511895
0.6791979949874687,0.6650385961847799,0.6806872184104467,0.004084045178609484,7.621936307741175e-05,0.015648622225666764,0.08483328895153738,0.0860251041254082,0.009502697160517458,0.00018234957317695975,0.0011918151738708194,-0.2767322917439632,-0.3117511163532284,0.01671117415705004,0.00031339759707948767,-0.0350188246092652
0.681704260651629,0.6635405281235953,0.679484219768838,0.004084045542739327,7.621972720725536e-05,0.015943691645242675,0.0919669949942312,0.09277505497773991,0.009502697995457516,0.0001823504081170169,0.0008080599835087188,-0.2816791818865084,-0.3163614337367474,0.016711175663378028,0.0003133991034074779,-0.03468225185023899
0.6842105263157894,0.6621101072666408,0.6783333075650301,0.004084045256133331,7.621944060125962e-05,0.016223200298389306,0.09915228767351505,0.09959472615897672,0.009502697411799637,0.0001823498244591383,0.0004424384854616603,-0.2867887358709137,-0.3210844109416435,0.01671117448722926,0.0003133979272587091,-0.034295675070729836
0.6867167919799498,0.6607478126175439,0.6772348466846543,0.004084044832032174,7.62190165001026e-05,0.016487034067110384,0.10638738522845043,0.10648366544378754,0.009502696543462048,0.0001823489561215497,9.62802153371134e-05,-0.29205679546774044,-0.32591474842764667,0.01671117274378135,0.0003133961838107986,-0.033857952959906235
0.6892230576441103,0.6594541062864502,0.6761891301305977,0.0040840452755834195,7.621946005134788e-05,0.01673502384414749,0.1136704935478185,0.1134413193396249,0.009502697608746391,0.00018235002140589365,-0.0002291742081935999,-0.29747905769676064,-0.3308477996762925,0.01671117457568824,0.00031339801571768935,-0.03336874197953188
0.6917293233082706,0.6582294333754317,0.6751960948036135,0.004084045731504827,7.621991597275545e-05,0.016966661428181817,0.12099980661500967,0.12046663342388095,0.009502698726817155,0.00018235113947665747,-0.0005331731911287219,-0.3030510790947883,-0.3358820252156095,0.016711176457049698,0.0003133998970791486,-0.032830946120821214
0.694235588972431,0.6570742218681134,0.6742555729580564,0.004084045564546445,7.621974901437319e-05,0.01718135108994301,0.12837350695587182,0.12755840580532807,0.009502698502207274,0.0001823509148667766,-0.0008151011505437566,-0.30876828012284985,-0.34101682122964594,0.016711175768789138,0.0003133992088185862,-0.03224854110679609
0.6967418546365914,0.6559888825235446,0.6733673997582486,0.004084045258288729,7.621944275665703e-05,0.01737851723470396,0.13578976608939158,0.13471543828749918,0.009502698005021364,0.00018235041768086728,-0.0010743278018923996,-0.314625949708315,-0.3462515907090684,0.016711174503490817,0.0003133979435202694,-0.031625641000753435
0.6992481203007519,0.6549738087743424,0.672531160424612,0.00408404584689289,7.622003136081847e-05,0.017557351650269615,0.14324674498110926,0.14193617945951345,0.009502699519117657,0.00018235193177715912,-0.0013105655215958079,-0.32061924991748786,-0.3515858145412224,0.016711176923039722,0.0003134003630691717,-0.030966564623734538
0.7017543859649122,0.6540293766291303,0.6717451127478654,0.004084046523850726,7.622070831865443e-05,0.017715736118735115,0.1507425944991525,0.1492172039615548,0.009502701272837501,0.0001823536854970032,-0.001525390537597704,-0.32674322075402545,-0.3570193553435086,0.01671117970218616,0.00031340314221561084,-0.03027613458948314
0.7042606516290726,0.6531559445792976,0.6710070813872231,0.0040840466259868535,7.622081045478222e-05,0.017851136807925494,0.15827545587276998,0.15655447461186403,0.009502701810961401,0.00018235422362090375,-0.001720981260905946,-0.33299278507841873,-0.36255220514942726,0.0167111801063164,0.00031340354634584706,-0.029559420071008535
0.706766917293233,0.6523538535101043,0.6703148934445349,0.004084046608953569,7.62207934214976e-05,0.017961039934430545,0.16584346115325732,0.1639439571286837,0.009502702143923906,0.000182354556583409,-0.0018995040245736172,-0.33936275364366136,-0.36818436246542663,0.016711180012437397,0.0003134034524668492,-0.028821608821765266
0.7092731829573935,0.6516234266161494,0.6696665990296979,0.0040840475340100605,7.622171847798913e-05,0.01804317241354858,0.17344473367715904,0.17138163091548886,0.009502704617239805,0.00018235702989930798,-0.0020631027616701825,-0.3458478302421102,-0.37391530816960494,0.016711183793638888,0.0003134072336683389,-0.028067477927494755
0.7117794486215538,0.6509649693212285,0.6690615230243706,0.00408404864863785,7.622283310577873e-05,0.018096553703142115,0.18107738853162933,0.17886353949213032,0.009502707580198872,0.0001823599928583729,-0.002213849039499005,-0.3524426169584316,-0.379741505060664,0.016711188346676047,0.00031341178670549804,-0.02729888810223241
0.7142857142857142,0.650378769202596,0.6684994482391339,0.00408404926402116,7.622344848908871e-05,0.018120679036537912,0.18873953302184227,0.18638575099222401,0.00950270952312456,0.00018236193578406254,-0.002353782029618251,-0.3591416195234267,-0.38565833921348536,0.016711190830692085,0.00031341427072153534,-0.026516719690058643
0.7167919799498746,0.6498650959196532,0.6679801604939075,0.004084049809827464,7.62239942953925e-05,0.01811506457425427,0.1964292671403301,0.1939443360667476,0.009502711401306017,0.00018236381396551928,-0.002484931073582497,-0.3659392527634236,-0.3916612010133112,0.016711193014988787,0.00031341645501823897,-0.025721948249887605
0.7192982456140351,0.6494242011470818,0.6675034630837207,0.004084051372797176,7.622555726510454e-05,0.01807926193663889,0.20414468403813057,0.2015354045933591,0.00950271561855361,0.00018236803121311198,-0.002609279444771462,-0.3728298461398264,-0.39774564431296233,0.0167111993770524,0.0003134228170818501,-0.02491579817313594
0.7218045112781954,0.649056318512433,0.667069257167219,0.004084053259467303,7.622744393523208e-05,0.018012938654786037,0.21188387049763885,0.20915530275179423,0.009502720656426763,0.0001823730690862646,-0.0027285677458446234,-0.3798076493733399,-0.40390823033729323,0.01671120705640296,0.0003134304964324115,-0.024100580963953344
0.7243107769423558,0.6487616635381955,0.6666774835968737,0.004084054757829593,7.622894229752071e-05,0.0179158200586782,0.2196449074070324,0.21680047011917486,0.009502724956281901,0.00018237736894140348,-0.0028444372878575486,-0.38686683814727757,-0.4101459167152801,0.01671121311589715,0.00031343655592659854,-0.023279078568002542
0.7268170426065163,0.6485404335883517,0.6663280857079399,0.004084056273491242,7.623045795917074e-05,0.017787652119588215,0.2274258702361599,0.2244673481943391,0.009502729422556415,0.00018238183521591747,-0.002958522041820788,-0.39400151988430465,-0.41645566658119687,0.016711219224938942,0.00031344266496839327,-0.02245414669689222
0.7293233082706767,0.6483928078194358,0.6660211344788716,0.004084058917096782,7.623310156471042e-05,0.01762832665943581,0.23522482951377377,0.23215238687049744,0.009502736513892919,0.0001823889265524206,-0.0030724426432763297,-0.40120573959088396,-0.42283451777372955,0.016711229958796023,0.0003134533988254757,-0.021628778182845587
0.731829573934837,0.6483189471361086,0.6657575767722543,0.004084062058855706,7.623624332363475e-05,0.01743862963614573,0.24303985130598596,0.23985208525497576,0.009502744854206322,0.0001823972668658238,-0.0031877660510102046,-0.408473485763627,-0.42928000270855515,0.01671124271867641,0.0003134661587058622,-0.020806516944928133
0.7343358395989974,0.6483189941512573,0.6655387338660316,0.004084064965823793,7.623915029172095e-05,0.017219739714774307,0.2508689976958341,0.24756296401642722,0.009502752840687178,0.00018240525334667912,-0.003306033679406878,-0.41579869635169564,-0.4357898666194752,0.016711254480360396,0.00031347792038984544,-0.01999117026777958
0.7368421052631579,0.6483930731506307,0.6653659309256046,0.0040840680210676725,7.624220553560142e-05,0.016972857774973926,0.25871032726383364,0.2552815449082023,0.009502761330032675,0.00018241374269217805,-0.0034287823556313213,-0.4231752647693378,-0.4423618593162611,0.016711266819537295,0.0003134902595667461,-0.019186594546923286
0.7393483709273183,0.6485412900620204,0.665240312678849,0.004084072357178866,7.624654164679363e-05,0.01669902261682854,0.2665618955693945,0.2630044208199424,0.009502772831096134,0.00018242524375563696,-0.0035574747494521164,-0.4305970459525903,-0.44899323550505726,0.016711284401121435,0.0003135078411508839,-0.01839618955246697
0.7418546365914787,0.6487637324289931,0.6651616199524869,0.004084077411727581,7.625159619550956e-05,0.016397887523493804,0.27442175563299304,0.27072872555619654,0.009502786117829582,0.0001824385304890844,-0.0036930300767964996,-0.4380578624541507,-0.45567742044953785,0.0167113049031668,0.0003135283431962497,-0.01761955799538717
0.744360902255639,0.6490604693891824,0.6651289440512282,0.004084082432364746,7.625661683267424e-05,0.016068474662045862,0.28228795841897264,0.27845184390084976,0.009502799546063131,0.000182451958722633,-0.0038361145181228795,-0.4455515105703683,-0.46240606531192174,0.016711325220670814,0.0003135486607002621,-0.01685455474155345
0.7468671679197995,0.6494315516571442,0.6651413752833945,0.004084087780157689,7.62619646256175e-05,0.015709823626250285,0.29015855331884965,0.28617116232280926,0.009502813925295181,0.000182466337954683,-0.003987390996040396,-0.45307176649427144,-0.46917081403812727,0.016711346837846235,0.00031357027787568795,-0.016099047543855827
0.7493734335839599,0.6498770115117809,0.6651981008990631,0.004084094606693638,7.626879116156621e-05,0.01532108938728216,0.29803158863501233,0.2938842453723824,0.009502831807323439,0.00018248421998294062,-0.004147343262629943,-0.46061239248853786,-0.47596304978538795,0.01671137449710516,0.0003135979371346081,-0.01535065729685009
0.7518796992481203,0.6503968627883376,0.665299111958386,0.004084102418991895,7.627660345982337e-05,0.014902249170048343,0.30590511206469206,0.3015901678298305,0.009502852119815995,0.00018250453247549672,-0.004314944234861562,-0.468167143072283,-0.4827719267573718,0.016711406162023996,0.00031362960205344497,-0.014604783685088774
0.7543859649122806,0.6509911008749708,0.6654448060894754,0.004084110445371097,7.628462983902591e-05,0.01445370521450462,0.31377717118408077,0.30928876590361315,0.009502873176317048,0.00018252558897655075,-0.004488405280467622,-0.475729771215525,-0.4895854752768246,0.016711438647223808,0.00031366208725326,-0.0138557040612996
0.7568922305764411,0.6516597027138917,0.6656355865098439,0.004084119023690919,7.629320815884712e-05,0.01397588379595216,0.32164581393248026,0.3169798813701489,0.009502895735256879,0.00018254814791638123,-0.004665932562331387,-0.48329403453518854,-0.4963917172659935,0.016711473340588243,0.00031369678061769383,-0.013097682730804971
0.7593984962406015,0.6524026268070852,0.6658720317019466,0.004084129319782924,7.630350425085212e-05,0.01346940489486148,0.3295090890963615,0.3246631485357771,0.009502922379596077,0.00018257479225557851,-0.004845940560584405,-0.4908537014864988,-0.5031789397147653,0.01671151504261554,0.00031373848264498744,-0.012325238228266533
0.7619047619047619,0.6532198132265984,0.6661563459488585,0.004084140909751355,7.631509421928334e-05,0.012936532722260141,0.3373650467932117,0.332336255148792,0.009502952188395586,0.00018260460105508846,-0.005028791644419717,-0.49840255754362456,-0.5099379235224311,0.01671156200112735,0.00031378544115680013,-0.0115353659788065
0.7644110275689222,0.6541111836294031,0.6664916255882843,0.00408415300028833,7.632718475625868e-05,0.012380441958881216,0.3452117389550573,0.33999582203423184,0.009502983426148897,0.00018263583880839907,-0.0052159169208254585,-0.5059344113634464,-0.5166608149784603,0.016711610941191606,0.0003138343812210536,-0.010726403615013869
0.7669172932330827,0.6550766412768216,0.6668809788812755,0.004084165902154943,7.634008662287156e-05,0.011804337604453874,0.3530472198115289,0.34763845824834616,0.00950301678981027,0.00018266920246977285,-0.005408761563182762,-0.5134431009263238,-0.523339772232047,0.016711663138646138,0.00031388657867558974,-0.009896671305723137
0.7694235588972431,0.6561160710585153,0.6673275654655906,0.0040841807879279275,7.635497239585597e-05,0.011211494407075251,0.360869546372361,0.3552609873242863,0.009503054875019826,0.00018270728767932833,-0.005608559048074724,-0.5209224996477837,-0.5299670241904825,0.01671172342153012,0.0003139468615595716,-0.009044524542698773
0.7719298245614035,0.6572293395210298,0.6678350531472755,0.004084197299015007,7.637148348293475e-05,0.010605713626245739,0.3686767789092039,0.36286248036062196,0.009503096901732544,0.00018274931439204526,-0.005814298548581953,-0.5283665224550625,-0.536535562319835,0.01671179030675719,0.00031401374678663956,-0.008169039864772465
0.7744360902255638,0.6584162949008866,0.6684074134444635,0.004084214614823924,7.638879929185231e-05,0.009991118543576927,0.37646698143662266,0.3704433446746157,0.009503141070552123,0.0001827934832116242,-0.006023636762006956,-0.535769131822475,-0.5430388299872987,0.016711860407035657,0.00031408384706510604,-0.007269698164823701
0.7769423558897243,0.659676767162218,0.669048625385367,0.004084233011454661,7.640719592258965e-05,0.00937185822314901,0.38423822219217074,0.37800400391653544,0.009503187997805923,0.00018284041046542608,-0.006234218275635306,-0.5431243437596234,-0.5494702727299359,0.016711934855543065,0.0003141582955725178,-0.006345928970312498
0.7794486215538847,0.6610105680389297,0.6697626411144966,0.004084253657020931,7.64278414888597e-05,0.008752073075566913,0.39198857411541543,0.3855447679235582,0.009503240264519253,0.00018289267717875465,-0.006443806191857249,-0.5504262337465102,-0.5558234189333425,0.016712018462263677,0.00031424190229312595,-0.005397185186832298
0.7819548872180451,0.6624174910813867,0.6705530607401138,0.004084276250108487,7.645043457641548e-05,0.008135569658727082,0.39971611532579565,0.3930646384521499,0.009503297210864054,0.0001829496235235552,-0.006651476873645756,-0.5576689426096648,-0.5620928045919678,0.016712109980408018,0.0003143334204374688,-0.004423861982302935
0.7844611528822054,0.6638973117076077,0.6714232588358964,0.00408429993292335,7.647411739127912e-05,0.00752594712828869,0.40741892959920145,0.4005617727337563,0.0095033569487335,0.00018300936139300193,-0.006857156865445135,-0.56484668233346,-0.5682736138271784,0.016712205870213902,0.0003144293102433504,-0.0034269314937184214
0.7869674185463659,0.6654497872589549,0.6723766104515837,0.004084324934839839,7.649911930776756e-05,0.006926823192628828,0.4150951068431422,0.4080343122917741,0.009503419984207966,0.0001830723968674676,-0.007060794551368099,-0.5719537418008486,-0.5743610364544405,0.016712307073302353,0.00031453051333180413,-0.002407294653591907
0.7894736842105263,0.6670746570603062,0.6734163904453874,0.004084352403850564,7.652658831849304e-05,0.00634173338508115,0.42274274357039937,0.41548034803600137,0.009503488846112275,0.0001831412587717781,-0.007262395534398003,-0.5789844924578301,-0.5803504709308774,0.016712418317938422,0.00031464175796787184,-0.0013659784730473135
0.7919799498746867,0.6687716424846971,0.6745445173063478,0.004084382082650341,7.655626711826916e-05,0.005772874821650675,0.43035994337104266,0.42289733396452467,0.009503562962837785,0.00018321537549728707,-0.007462609406517995,-0.5859333938960323,-0.5862400942051397,0.0167125385407101,0.00031476198073955174,-0.0003067003091073994
0.794486215538847,0.6705404470224118,0.675761962474269,0.004084413061580984,7.65872460489121e-05,0.005221515451857228,0.43794481738268726,0.43028227796862567,0.009503640321948942,0.0001832927346084441,-0.0076625394140615866,-0.5927949993478628,-0.5920300244274154,0.016712663990000858,0.00031488743003030777,0.0007649749204474698
0.7969924812030075,0.6723807563545101,0.6770696826547548,0.00408444550640948,7.661969087740839e-05,0.004688926300244645,0.44549548475888184,0.43763217667176385,0.009503721278784603,0.00018337369144410512,-0.007863308087117993,-0.5995639610887868,-0.5977204137583785,0.016712795347373577,0.00031501878740302795,0.0018435473304083683
0.7994987468671679,0.6742922384307697,0.6784686489126751,0.004084480524781149,7.66547092490778e-05,0.004176410481905424,0.4530100731355088,0.44494406405825704,0.009503808262162109,0.00018346067482161,-0.008066009077251746,-0.6062350357413709,-0.6033114966859285,0.016712937177121363,0.00031516061715081465,0.0029235390554424034
0.8020050125313283,0.6762745435520264,0.6799599762107054,0.004084517885638236,7.669207010616435e-05,0.003685432658678933,0.46048671909507877,0.4522155509405472,0.009503900746138652,0.00018355315879815386,-0.00827116815453155,-0.6128030894758303,-0.6088047918215858,0.01671308852678053,0.00031531196680997765,0.003998297654244531
0.8045112781954886,0.6783273044568895,0.6815448897744562,0.004084556608481315,7.673079294924399e-05,0.0032175853175666624,0.4679235686288107,0.45944468446455367,0.009503996548949173,0.00018364896160867454,-0.008478884164257017,-0.619263103101926,-0.6142027892401706,0.016713245355913883,0.0003154687959433339,0.005060313861755428
0.8070175438596491,0.6804501364128135,0.6832246224574503,0.004084596774500742,7.67709589686707e-05,0.0027744860446368147,0.475318777596377,0.46662952008202335,0.009504095825976295,0.00018374823863579704,-0.008689257514353621,-0.6256101770471584,-0.6195079974105994,0.01671340800086529,0.00031563144089474175,0.006102179636559013
0.8095238095238095,0.6826426373115005,0.6850003371901812,0.004084639427272906,7.681361174083432e-05,0.002357699878680619,0.48267051218319723,0.47376814483896823,0.009504200850990758,0.00018385326365025987,-0.008902367344229,-0.6318395362163153,-0.6247227823405253,0.016713580765458636,0.0003158042054880877,0.007116753875790027
0.8120300751879699,0.6849043877686142,0.6868719645258874,0.004084684340881019,7.685852534894725e-05,0.001967576757273215,0.48997694935517966,0.4808592081085072,0.009504311094694764,0.00018396350735426528,-0.009117741246672473,-0.6379465347275673,-0.6298472486640403,0.016713762722473654,0.0003159861625031056,0.008099286063527056
0.8145363408521302,0.6872349512277736,0.6888384248862119,0.004084730442714461,7.690462718238953e-05,0.0016034736584383813,0.4972362773107827,0.487901820050212,0.009504424156858465,0.00018407656951796616,-0.009334457260570694,-0.6439266605203995,-0.634879644738604,0.01671394945630721,0.0003161728963366616,0.009047015781795453
0.8170426065162907,0.6896338740688093,0.6908986137629302,0.004084777706841878,7.69518913098067e-05,0.0012647396941208866,0.504446695930294,0.49489510168633166,0.009504539941378362,0.00018419235403786336,-0.009551594243962347,-0.6497755398308165,-0.6398181584462583,0.016714140866456104,0.0003163643064855549,0.00995738138455815
0.8195488721804511,0.6921006857202483,0.6930514090401972,0.004084827088616297,7.700127308422502e-05,0.0009507233199489429,0.5116064172222123,0.5018381666095818,0.009504660512387198,0.00018431292504670106,-0.009768250612630536,-0.6554889415293818,-0.6446609478568754,0.016714340897940567,0.00031656433797001767,0.010827993672506309
0.8220551378446115,0.6946348987760033,0.6952952694753839,0.0040848783466667,7.70525311346286e-05,0.0006603706993806302,0.5187136657666207,0.50873004042654,0.00950478529106838,0.00018443770372788187,-0.009983625340080682,-0.6610627813177846,-0.6494057167978535,0.016714548565069327,0.0003167720050987783,0.011657064519931093
0.8245614035087718,0.6972360091162361,0.6976282820624944,0.004084930297219324,7.710448168725262e-05,0.00039227294625832076,0.5257666791554441,0.5155696702083874,0.009504911616542155,0.00018456402920165733,-0.010197008947056663,-0.6664931257797791,-0.654049764854254,0.016714758999681383,0.00031698243971083393,0.012443360925525115
0.8270676691729323,0.6999034960323672,0.7000485254731511,0.004084982788339805,7.71569728077335e-05,0.0001450294407838726,0.5327637084294814,0.5223559973184333,0.009505039100133677,0.0001846915127931805,-0.010407711111048101,-0.6717761962824715,-0.6585903714355164,0.016714971587602333,0.0003171950276317853,0.013185824846955185
0.8295739348370927,0.7026368223561958,0.7025540804159529,0.00408503666857929,7.721085304721907e-05,-8.274194024293635e-05,0.5397030185120961,0.5290879235619684,0.00950516955675848,0.00018482196941798314,-0.01061509495012769,-0.6769083727240868,-0.6630247908038285,0.016715189839330964,0.0003174132793604167,0.013883581920258292
0.8320802005012531,0.705435434593104,0.7051429757696502,0.0040850916680187956,7.726585248672447e-05,-0.0002924588234537451,0.5465828886394725,0.5357635668845839,0.009505302331587757,0.00018495474424725915,-0.010819321754888533,-0.6818861971245014,-0.667349870899232,0.016715412657414434,0.000317636097443884,0.014536326225269347
0.8345864661654134,0.7082987630593097,0.7078131906630867,0.004085146482937455,7.7320667405384e-05,-0.00048557239622304404,0.5534016127873196,0.5423802915192085,0.00950543448710404,0.00018508689976354058,-0.011021321268111062,-0.6867063770549797,-0.6715620686226902,0.016715634685438442,0.00031785812546789217,0.015144308432289533
0.8370927318295739,0.7112262220231313,0.7105627063821973,0.0040852008292115395,7.737501367946793e-05,-0.0006635156409340315,0.5601575000939176,0.5489354278703547,0.009505565332937688,0.00018521774559719016,-0.011222072223562973,-0.6913657889037081,-0.6756578182117441,0.016715854770326312,0.0003180782103557621,0.015707970691964057
0.8395989974937343,0.7142172098502342,0.7133895199925078,0.004085255445669698,7.7429630137626e-05,-0.0008276898577264102,0.5668488752794066,0.5554262943224212,0.009505696434116799,0.00018534884677630194,-0.01142258095698545,-0.695861480973892,-0.6796335558322945,0.0167160759759901,0.00031829941601955097,0.016227925141597543
0.8421052631578947,0.7172711091528203,0.7162919179560356,0.00408531003956589,7.748422403381826e-05,-0.00097919119678469,0.5734740790612133,0.5618499978669761,0.009505827079679943,0.0001854794923394451,-0.01162408119423719,-0.7001906764113438,-0.6834859397785102,0.016716297116430478,0.0003185205564599295,0.01670473663283356
0.844611528822055,0.7203872869427239,0.719268487540485,0.004085363201409062,7.753738587699067e-05,-0.0011187994022389125,0.5800314685655069,0.5682034255781836,0.009505954095518679,0.00018560650817818166,-0.011828042987323317,-0.7043507759586554,-0.6872118595070211,0.016716512404703662,0.00031873584473311284,0.017138916451634234
0.8471177944862155,0.7235650947883752,0.7223178338171806,0.00408541453533686,7.758871980478835e-05,-0.0012472609711945415,0.586519417734589,0.574483450375572,0.009506076545061321,0.00018572895772082313,-0.012035967359017019,-0.7083393605332232,-0.6908082075712232,0.016716720232000867,0.000318943672030318,0.01753115296200003
0.849624060150376,0.7268038689755945,0.7254385516180406,0.004085464698413733,7.763888288166093e-05,-0.0013653173575538524,0.5929363177301125,0.5806869466893303,0.009506195817236175,0.00018584822989567694,-0.012249371040782164,-0.7121541936265724,-0.6942719102501462,0.016716923329285652,0.0003191467693151042,0.017882283376426167
0.8521303258145363,0.7301029306721747,0.7286288331778127,0.004085513416275634,7.76876007435622e-05,-0.0014740974943620033,0.5992805773320287,0.5868109500515115,0.009506311249992466,0.00018596366265196678,-0.012469627280517148,-0.7157932235225961,-0.6976010933917871,0.016717120589716035,0.0003193440297454858,0.018192130130809003
0.8546365914786966,0.733461586096216,0.7318864168399024,0.004085559229092774,7.773341356070258e-05,-0.0015751692563136244,0.6055506233331713,0.592852677800427,0.009506419571137043,0.00018607198379654507,-0.012697945532744281,-0.7192545853325141,-0.7007952344474538,0.01671730602157245,0.0003195294616018985,0.018459350885060233
0.8571428571428571,0.7368791266881625,0.7352090201287328,0.004085601696083189,7.777588055111762e-05,-0.0016701065594296738,0.6117449009293667,0.5988093525398207,0.00950651976363848,0.00018617217629798204,-0.012935548389546025,-0.7225366028445279,-0.7038538747292511,0.01671747783237048,0.00031970127239993,0.018682728115276825
0.8596491228070176,0.7403548292865072,0.738594363199518,0.00408564147256851,7.781565703643782e-05,-0.0017604660869892097,0.6178618741049839,0.6046782213607247,0.009506613237438535,0.00018626565009803727,-0.013183652744259255,-0.7256377901863408,-0.706776542571127,0.01671763874591252,0.00031986218594196833,0.018861247615213794
0.8621553884711779,0.7438879563071173,0.7420401411418472,0.004085678401954611,7.785258642253919e-05,-0.0018478151652701058,0.6239000260138274,0.6104575174828952,0.00950669962178237,0.00018635203444187254,-0.013442508530932207,-0.7285568532988936,-0.7095626151010972,0.01671778813929958,0.0003200115793290304,0.018994238197796443
0.8646616541353382,0.7474777559261347,0.745544017636325,0.004085711095127591,7.78852795955194e-05,-0.0019337382898096944,0.6298578593552733,0.6161466771218325,0.009506775839232927,0.00018642825189242718,-0.01371118223344081,-0.7312926912198542,-0.7122112870122519,0.016717920309290542,0.0003201437493199923,0.019081404207602293
0.8671679197994987,0.7511234622664084,0.7491036573650114,0.004085739205416178,7.791338988410644e-05,-0.002019804901396971,0.6357338967455602,0.6217452046598395,0.00950684112739731,0.0001864935400568114,-0.013988692085720733,-0.7338443971755859,-0.714721733520219,0.016718033846184966,0.0003202572862144163,0.019122663655366967
0.8696741854636592,0.754824295587412,0.7527167270242076,0.004085763545768897,7.793773023682597e-05,-0.002107568563204487,0.6415266810841411,0.6272526042870024,0.009506897299922492,0.0001865497125819936,-0.014274076797138768,-0.7362112594805155,-0.7170931319267426,0.016718132115962327,0.0003203555559917772,0.019118127553772846
0.8721804511278195,0.7585794624785974,0.7563808574100541,0.004085784263511911,7.79584479798402e-05,-0.0021986050685433023,0.6472347759150039,0.6326685719931611,0.009506944722129753,0.00018659713478925364,-0.014566203921842824,-0.7383927622430042,-0.7193250980027408,0.01671821573829643,0.00032043917832587723,0.019067664240263404
0.8746867167919798,0.7623881560561412,0.7600936308944548,0.004085800256888285,7.797444135621255e-05,-0.002294525161686378,0.652856765782878,0.6379930585451689,0.009506981026486696,0.00018663343914619834,-0.014863707237709134,-0.7403885858770274,-0.7214178291399592,0.01671828018157575,0.00032050362160520023,0.018970756737068162
0.8771929824561403,0.7662495561630295,0.7638526289438226,0.004085811515756696,7.798570022462392e-05,-0.0023969272192069235,0.6583912565842256,0.6432260273668813,0.009507006280266676,0.00018665869292617735,-0.015165229217344312,-0.7421986074191486,-0.7233715540617308,0.016718325407125957,0.0003205488471554098,0.018827053357417745
0.8796992481203008,0.7701628295724336,0.767655438672707,0.004085819281709737,7.799346617766572e-05,-0.0025073908997266248,0.6638368759129429,0.6483674425095312,0.009507023342032564,0.00018667575469206524,-0.01546943340341178,-0.7438229006504786,-0.725186506840343,0.016718356527995838,0.0003205799680252869,0.0186363938101356
0.8822055137844611,0.7741271301943309,0.7714998045867543,0.004085824311897616,7.799849636554461e-05,-0.002627325607576614,0.6691922734006825,0.6534175437888898,0.009507034034636885,0.00018668644729638676,-0.015774729611792715,-0.7452617360234982,-0.72686361641641,0.0167183766537363,0.00032060009376575415,0.01839811960708826
0.8847117794486214,0.7781415992853101,0.775383695126935,0.004085826137620234,7.800032208816187e-05,-0.0027579041583751795,0.6744561210517063,0.6583769675727931,0.009507037513039121,0.00018668992569862198,-0.0160791534789132,-0.7465155803938137,-0.7284048093120081,0.016718383834241977,0.00032060727427142734,0.018110771081805588
0.8872180451127819,0.7822053656615182,0.779305097894645,0.0040858254650479806,7.799964951590888e-05,-0.0029002677668732435,0.6796271135721941,0.6632463760321305,0.009507035565183546,0.0001866879778430481,-0.016380737540063528,-0.7475850965571152,-0.729812080533845,0.01671838095079702,0.0003206043908264711,0.017773016023270194
0.8897243107769424,0.7863175459146902,0.7832620050831528,0.00408582438139646,7.799856586438792e-05,-0.0030555408315373622,0.6847039686939216,0.6680264327574952,0.009507033070878126,0.0001866854835376282,-0.016677535936426402,-0.7484711425917944,-0.7310874142759526,0.01671837656427353,0.00032060000430298027,0.017383728315841784
0.8922305764411027,0.7904772446312104,0.7872525661896163,0.00408582471309928,7.79988975672086e-05,-0.003224678441594131,0.6896854274922279,0.6727181844116958,0.009507034383843758,0.00018668679650325908,-0.0169672430805321,-0.7491747710078753,-0.7322326662507805,0.01671837814832448,0.00032060158835393263,0.01694210475709479
0.894736842105263,0.7946835546141521,0.7912751733915061,0.004085827131819567,7.800131628749567e-05,-0.003408381222645973,0.6945702546981964,0.677323274230355,0.009507041363635838,0.00018669377629533965,-0.017246980467841455,-0.7496972277031015,-0.7332494979221993,0.01671838840408475,0.0003206118441142017,0.016447729780902254
0.8972431077694235,0.7989355571082383,0.7953282412968066,0.004085833608861657,7.800779332958543e-05,-0.0036073158114316994,0.6993572390049688,0.6818433923196483,0.009507058795719954,0.0001867112083794572,-0.017513846685320522,-0.750039950727215,-0.7341395463012721,0.01671841537199288,0.00032063881202233315,0.01590040442594287
0.899749373433584,0.8032323220276665,0.7994101861098277,0.004085847670585794,7.802185505372158e-05,-0.0038221359178387537,0.7040451933681144,0.6862802190740572,0.009507094959773572,0.0001867473724330735,-0.017764974294057212,-0.7502045688556523,-0.7349044405858166,0.01671847348248519,0.0003206969225146362,0.015300128269835733
0.9022556390977443,0.8075729081867478,0.803519423470037,0.004085872853856165,7.804703832409357e-05,-0.004053484716710742,0.7086329552999888,0.6906350586779834,0.009507158227001081,0.00018681063966058287,-0.01799789662200546,-0.7501928999740737,-0.7355458440522545,0.016718577189563825,0.0003208006295932727,0.014647055921819141
0.9047619047619047,0.8119563635332943,0.8076543669335149,0.004085911663631293,7.80858480992221e-05,-0.0043019965997793674,0.7131193871579973,0.69490858607769,0.009507254765011939,0.00018690717767144127,-0.01821080108030726,-0.7500069492753262,-0.7360654830088977,0.016718736673460653,0.0003209601134901026,0.013941466266428448
0.9072681704260651,0.8163817253847028,0.811813431086024,0.00408596807510976,7.814225957768862e-05,-0.004568294298678777,0.7175033764267009,0.6991014117508736,0.009507394064084271,0.00018704647674377294,-0.01840196467582733,-0.7496489072706295,-0.7364650825268253,0.016718968148747865,0.000321191588777317,0.013183824743804196
0.9097744360902256,0.8208480206666753,0.8159950307312669,0.004086047841434625,7.822202590255344e-05,-0.004852989935408392,0.7217838359936912,0.70321413923709,0.009507589621562767,0.00018724203422226934,-0.01856969675660125,-0.749121147616957,-0.7367463568500259,0.016719295130046077,0.0003215185700755262,0.012374790766931154
0.9122807017543859,0.8253542661545138,0.8201974778511333,0.004086157045057068,7.833122952499696e-05,-0.005156788303380511,0.7259597044191635,0.7072471363211358,0.0095078557509127,0.00018750816357220146,-0.018712568098027682,-0.7484262247627678,-0.7369107325400797,0.016719742460377246,0.00032196590040669653,0.011515492222688106
0.9147869674185463,0.8298994687169352,0.8244188956864331,0.0040863009067681946,7.847509123612268e-05,-0.0054805730305020894,0.7300299461991266,0.7112003442729514,0.009508204958520443,0.00018785737117994462,-0.01882960192617522,-0.747566871414423,-0.7369591176716643,0.016720331401283994,0.0003225548413134432,0.010607753742758685
0.9172932330827067,0.834482625562342,0.8286573882803153,0.004086486331971344,7.866051643927228e-05,-0.005825237282026663,0.7339935520221814,0.7150736549431361,0.009508653568608102,0.0001883059812676041,-0.01891989707904529,-0.7465459958258003,-0.7368923582336214,0.016721090122342464,0.000323313562371913,0.009653637592178854
0.9197994987468672,0.8391027244874854,0.832911059727606,0.004086722273476044,7.88964579439728e-05,-0.006191664759879312,0.7378495390198003,0.7188669578120264,0.009509222529882067,0.00018887494254156835,-0.018982581207773963,-0.745366678913796,-0.7367112951035157,0.016722055193440045,0.0003242786334694931,0.008655383810280304
0.9223057644110275,0.843758744128466,0.8371779035161954,0.004087018370694248,7.919255516217656e-05,-0.0065808406122706,0.7415969510100546,0.722580417270281,0.009509934417619798,0.00018958683027929895,-0.019016533739773633,-0.7440321712025739,-0.7364170987543661,0.01672326597472112,0.0003254894147505707,0.007615072448207805
0.9248120300751879,0.8484496542140064,0.8414556928988659,0.004087383600612088,7.955778508001602e-05,-0.006993961315140518,0.7452348587347221,0.7262147473154053,0.009510810460096789,0.0001904628727562907,-0.01902011141931681,-0.7425458895995898,-0.7360116008473425,0.01672475905523757,0.0003269824952670228,0.006534288752247264
0.9273182957393483,0.8531744158209289,0.8457421756736719,0.004087828870190041,8.000305465796943e-05,-0.007432240147256963,0.7487623600897171,0.7297707227764141,0.009511876267504955,0.00019152868016445563,-0.018991637313303,-0.7409114140065967,-0.7354967043611236,0.01672657893201072,0.00032880237204017026,0.005414709645473081
0.9298245614035088,0.8579319816317806,0.8500351003210398,0.004088367437060079,8.054162152800773e-05,-0.007896881310740844,0.7521785803487886,0.73324911575364,0.009513162767060384,0.00019281517971988577,-0.01892946459514855,-0.739132483768983,-0.7348743079410542,0.01672877974047767,0.00033100318050712304,0.004258175827928756
0.9323308270676691,0.8627212961945421,0.85433225696914,0.004089013618933715,8.118780340164395e-05,-0.008389039225402128,0.7554826723804302,0.7366510011111361,0.009514703358077713,0.0001943557707372131,-0.01883167126929408,-0.7372129939669703,-0.7341468571691274,0.016731419933717052,0.00033364337374650445,0.0030661367978428444
0.9348370927318295,0.8675412961843494,0.8586315250649712,0.004089781260027055,8.195544449498368e-05,-0.008909771119378185,0.7586738168579444,0.7399781118216446,0.00951653052749515,0.0001961829401546526,-0.018695705036299803,-0.7351569915523498,-0.7333179857937305,0.016734555961018943,0.00033677940104839485,0.0018390057586192832
0.9373433583959899,0.872390910667172,0.8629307957546057,0.004090686382151202,8.28605666191297e-05,-0.009460114912566264,0.7617512224626151,0.7432322628458383,0.009518681712073622,0.0001983341247331246,-0.018518959616776742,-0.7329686713345865,-0.7323914762018846,0.01673825318796508,0.00034047662799452827,0.0005771951327019353
0.9398496240601504,0.8772690613653744,0.8672279596685016,0.004091747667067029,8.39218515349575e-05,-0.010041101696872778,0.7647141260799328,0.7464152665461302,0.009521200370395336,0.00020085278305483783,-0.018298859533802614,-0.7306523718202733,-0.7313711038499767,0.01674258788051174,0.0003448113205411918,-0.0007187320297034061
0.9423558897243107,0.8821746629251003,0.8715207696367585,0.004092985206141729,8.515939060965751e-05,-0.010653893288341765,0.7675617929888268,0.7495293381045847,0.009524133223423265,0.00020378563608276654,-0.0180324548842421,-0.728212570910063,-0.7302605647817952,0.016747642050541616,0.0003498654905710653,-0.0020479938717322677
0.9448621553884711,0.8871066231854132,0.875806654937842,0.004094418728212375,8.659291268030357e-05,-0.01129996824757118,0.7702935170438566,0.7525776441441712,0.009527526336923282,0.0002071787495827839,-0.01771587289968546,-0.7256538814573421,-0.7290633774604974,0.0167534961527646,0.00035571959279405093,-0.003409496003155321
0.9473684210526315,0.8920638434491213,0.880082998115556,0.00409607033930638,8.824452377430829e-05,-0.011980845333565249,0.7729086208503173,0.7555634845531671,0.009531431185323869,0.00021108359798337184,-0.017345136297150177,-0.7229810466930583,-0.7277830298059697,0.01676024036860142,0.000362463808630868,-0.004801983112911357
0.949874686716792,0.8970452187552249,0.8843471814084723,0.004097965073516816,9.013925798474418e-05,-0.012698037346752566,0.7754064559322145,0.7584901557656432,0.009535905876137363,0.0002155582887968647,-0.016916300166571308,-0.7201989355212322,-0.726423004693491,0.016767976872132717,0.00037020031216216455,-0.006224069172258817
0.9523809523809523,0.902049638152919,0.8885966768694805,0.004100129638355762,9.230382282369025e-05,-0.013452961283438536,0.7777864028930703,0.7613609938230824,0.009541012376185237,0.0002206647888447388,-0.016425409069987906,-0.7173125376898222,-0.7249870805195682,0.01677681465914622,0.0003790380991756689,-0.0076745428297460005
0.9548872180451127,0.9070759849770786,0.8928291873275206,0.004102590309066997,9.47644935349255e-05,-0.014246797649558052,0.7800478715695163,0.764179441601597,0.009546811847302944,0.00022646425996244594,-0.015868429967919262,-0.7143269588417354,-0.7234798009455772,0.016786860872659376,0.00038908431268882464,-0.009152842103841818
0.9573934837092731,0.912123137125161,0.8970424512287063,0.004105375812983779,9.75499974517071e-05,-0.015080685896454726,0.7821903011776383,0.7669489562963039,0.009553371038502375,0.0002330234511618768,-0.01524134488133444,-0.7112474154508879,-0.7219058262058443,0.016798232680344458,0.00040045612037390815,-0.010658410754956438
0.9598997493734336,0.9171899673354592,0.9012342061845985,0.004108517962976363,0.00010069214744429125,-0.015955761150860726,0.7842131604520369,0.7696729920067191,0.00956076369457381,0.00024041610723331313,-0.014540168445317803,-0.7080792296483391,-0.7202698119011786,0.016811059880122287,0.00041328332015173804,-0.012190582252839421
0.9624060150375939,0.9222753434666301,0.9054023402591883,0.00411205033849998,0.00010422452296790873,-0.016873003207441784,0.7861159477775652,0.7723548139190364,0.009569067634065726,0.0002487200467252283,-0.01376113385852884,-0.704827823943635,-0.7185764318279569,0.01682547946648075,0.00042770290651020237,-0.013748607884321973
0.9649122807017543,0.9273781287784377,0.9095451637147547,0.004116005694837135,0.00010817987930506334,-0.017832965063683037,0.7878981913137177,0.7749971645104403,0.009578358998785284,0.0002580114114447858,-0.012901026803277427,-0.701498715846588,-0.7168304187289256,0.016841624962949383,0.00044384840297883205,-0.01533170288233765
0.9674185463659147,0.9324971822136348,0.9136610588295213,0.004120419084258655,0.00011259326872658361,-0.018836123384113446,0.7895594491116336,0.7776026937775273,0.009588719181395545,0.0002683715940550464,-0.011956755334106228,-0.6980975123948359,-0.715036512494517,0.016859639271256856,0.00046186271128630514,-0.01693900009968119
0.9699248120300752,0.9376313586809111,0.9177484064866713,0.004125328600186145,0.00011750278465407311,-0.019882952194239745,0.7910993092236877,0.7801740492846163,0.009600236481447201,0.000279888894106703,-0.010925259939071341,-0.6946299045926055,-0.7131994495786305,0.016879677732216523,0.00048190117224597174,-0.018569544986024922
0.9724310776942355,0.9427795093388492,0.921805654046114,0.004130773920017196,0.00012294810448512466,-0.02097385529273521,0.7925173898056435,0.7827134894962147,0.009613002870542993,0.0002926552832024948,-0.009803900309428792,-0.6911016617661909,-0.7113240283060581,0.01690190212606944,0.0005041255660988905,-0.020222366539867198
0.9749373433583959,0.9479404818808048,0.9258314547674599,0.004136793005496762,0.00012896718996468993,-0.022109027113344948,0.7938133392113396,0.7852220898471691,0.009627106655408916,0.0003067590680684192,-0.008591249364170439,-0.6875186258417534,-0.709415242625068,0.016926467093800152,0.000528690533829603,-0.02189661678331467
0.9774436090225563,0.9531131208206485,0.9298244996766926,0.00414342559951139,0.00013559978397931934,-0.023288621143955912,0.7949868360798891,0.7877006994233373,0.009642640251443697,0.0003222926641031988,-0.007286136656551756,-0.6838867055511132,-0.7074781216181707,0.016953534527785894,0.0005557579678153435,-0.023591416067057502
0.9799498746867168,0.9582962677792954,0.9337834780765343,0.004150714133871379,0.00014288831833930775,-0.024512789702761162,0.796037589415368,0.7901501655011656,0.009659702204502376,0.0003393546171618782,-0.005887423914202383,-0.6802118705712803,-0.7055176920157826,0.016983277305371927,0.0005855007454013758,-0.02530582144450233
0.9824561403508771,0.9634887617719516,0.9377071950019629,0.0041587020511968005,0.00015087623566472882,-0.025781566769988773,0.7969653386589748,0.7925711555933239,0.009678393459174706,0.0003580458718342082,-0.00439418306565087,-0.6765001456035405,-0.7035387573399413,0.017015872384107258,0.0006180958241367072,-0.027038611736400764
0.9849624060150375,0.9686894394960085,0.9415948459009379,0.004167429487837419,0.0001596036723053482,-0.027094593595070604,0.7977698537536417,0.7949637413316899,0.009698807746500136,0.00037846015915963854,-0.002806112421951834,-0.6727576043979638,-0.7015453811984405,0.01705148304637043,0.0006537064863998828,-0.028787776800476617
0.9874686716791979,0.9738971356195112,0.9454457060352053,0.004176937341039431,0.00016911152550735934,-0.02845142958430591,0.7984509352010837,0.7973278689244231,0.009721040637416457,0.00040069305007595947,-0.0011230662766605892,-0.6689903637292647,-0.6995414718723202,0.017090275630805982,0.0006924990708354345,-0.030551108143055505
0.9899749373433584,0.9791106830701274,0.949259048706222,0.004187268433335909,0.00017944261780383756,-0.029851634363905366,0.7990084141112672,0.7996634829936697,0.00974519213737582,0.0004248445500353235,0.0006550688824025208,-0.6652045773299935,-0.697530936327587,0.017132424320733818,0.0007346477607632707,-0.03232635899759351
0.9924812030075187,0.9843289133245525,0.9530342439521604,0.004198465531859889,0.00019063971632781763,-0.031294669372392114,0.7994421522442918,0.8019704541801727,0.009771362275589321,0.00045101468824882367,0.002528301935880828,-0.6614064297870657,-0.6955174913718143,0.017178103000081955,0.0007803264401114069,-0.034111061584748636
0.9949874686716791,0.9895506566982719,0.9567710204445226,0.004210565616464534,0.00020273980093246327,-0.032779636253749356,0.7997520420446692,0.8042483870443261,0.0097996383300336,0.00047929074269310276,0.004496344999656898,-0.657602130407693,-0.6935041623193,0.01722746169261554,0.000829685132644991,-0.03590203191160701
0.9974937343358395,0.9947747426356104,0.9604691871292912,0.0042236047735589154,0.00021577895802684356,-0.034305555506319196,0.7999380066679941,0.8064968242275803,0.009830105730194279,0.0005097581428537793,0.006558817559586205,-0.6537979070607952,-0.6914938161155166,0.017280646686214114,0.0008828701262435651,-0.03769590905472142
1.0,1.0,0.9641285508870707,0.004237619770679029,0.00022979395514695773,-0.03587144911292928,0.8,0.8087153068384411,0.009862851565354186,0.0005425039780136877,0.008715306838441017,-0.6500000000000001,-0.6894893191289383,0.017337807007243192,0.0009400304472726428,-0.03948931912893816
